3.443490716694262710e-02
3.083068841828279574e-02
3.375563312899002022e-02
3.474243220786770586e-02
3.413408096537002417e-02
3.518616380993672826e-02
3.362001232806195727e-02
4.379539903898274633e-02
3.103643796523207835e-02
3.224711530864947384e-02
3.310509609209186244e-02
3.458651912580167770e-02
2.949191812835717449e-02
2.919361627137989287e-02
3.297090463236761193e-02
3.401715414809569626e-02
3.560609903718913588e-02
3.268276281331628647e-02
3.075908373612589244e-02
4.124664224493432285e-02
3.294182592553841771e-02
2.981802547478704449e-02
3.155377505694725859e-02
3.288010021492626667e-02
3.420642537290527474e-02
3.192470235616307744e-02
2.852245695357751021e-02
3.113739339681810547e-02
3.555931068033949677e-02
3.286587354935258110e-02
3.027518081134515648e-02
4.208909801366567116e-02
3.169827000456909571e-02
3.586850728637057395e-02
2.825151956474206139e-02
3.394271073375473152e-02
3.274256132644757372e-02
3.125363851737368581e-02
3.201230140515887168e-02
3.353683705018308675e-02
3.519284449844417573e-02
3.146193532803442938e-02
3.468323869866527659e-02
3.766643995056015437e-02
3.203437807164855045e-02
3.408134895578796009e-02
2.942466389465275486e-02
3.139154919807037036e-02
3.189688173048295383e-02
3.077805346205673628e-02
2.778474562940307785e-02
3.234674920829189171e-02
3.207307230363567324e-02
2.853453483127894180e-02
3.170645754708428798e-02
3.715232379935862195e-02
3.346286970420282031e-02
2.978627162674846174e-02
3.160154748941244873e-02
2.921739454707030295e-02
2.896474270514914906e-02
2.694936156139346450e-02
3.038067922825698347e-02
2.882119414103391161e-02
3.258806652479409594e-02
3.121463046679799277e-02
2.766370643519135489e-02
3.737986454406340420e-02
3.070070574551235151e-02
2.828940654988509884e-02
2.915332492988384830e-02
2.814903803617126166e-02
2.908832785850221092e-02
2.671261958943690201e-02
2.826912677911239125e-02
2.634929765743665789e-02
2.850563310622084706e-02
3.123492886631607304e-02
2.759462623883756141e-02
3.566492615618616080e-02
2.957226411096193497e-02
2.636242177441948040e-02
2.736938663240019026e-02
2.715973708593155331e-02
2.608394578652981424e-02
2.650212398465840932e-02
2.728546419947712465e-02
2.985462462309530079e-02
3.060298816728926341e-02
2.666425088839736307e-02
2.609359121081580857e-02
3.555055843794368425e-02
2.963999829194581548e-02
2.651591751260402863e-02
2.831774775543141262e-02
3.130035538475293977e-02
2.941187901260378101e-02
2.851494083505501723e-02
2.622954780856647308e-02
2.794272856431879309e-02
3.367575325401280656e-02
3.055425689535078149e-02
3.236551274558339963e-02
3.152326898180894676e-02
2.953542251098823998e-02
3.190931430878436725e-02
2.860210506814786155e-02
2.861058374460212148e-02
3.170670529893031275e-02
2.886904102783547157e-02
2.911099967463815635e-02
3.469377168653699911e-02
3.200844477556409606e-02
3.063230829145972139e-02
2.925617180735534673e-02
3.245355622452209682e-02
3.104079843685446372e-02
2.962804064918682714e-02
2.413127483930943562e-02
3.117640210265871029e-02
2.725361824587486589e-02
2.775730184957484956e-02
2.645437137311360681e-02
3.013342759746653887e-02
2.793248789856392009e-02
2.750254354847630686e-02
2.943805640307983404e-02
3.286737070081919426e-02
2.860615080173454366e-02
2.704334008783961310e-02
2.671610241432248109e-02
2.905084148766304969e-02
2.513377678095319104e-02
2.507448612005548985e-02
3.019136199577046945e-02
2.713223427836803162e-02
2.731277345662430980e-02
2.902609740378362529e-02
2.691856429114915239e-02
3.285838872027754820e-02
2.810974222931314492e-02
2.846234369374997866e-02
2.684698613061372099e-02
2.896803872330478216e-02
2.743053944264075075e-02
2.517359548254411925e-02
2.888423835121309291e-02
2.903263726646785475e-02
2.986724291539495993e-02
2.738858982426248603e-02
2.468700682568524332e-02
3.307937961482019379e-02
2.771814280284081236e-02
2.739968791127102982e-02
3.039236276477843071e-02
2.782713923496544020e-02
2.922156069401629988e-02
2.613662170487533395e-02
2.704781176958081026e-02
2.520613172211423267e-02
2.983709658081984753e-02
2.759099001914642676e-02
2.431551941592494104e-02
3.408478823863962670e-02
2.704216135181729611e-02
2.763849537979701579e-02
2.630208596931488813e-02
2.728164007284535064e-02
3.051578068688455200e-02
2.828275160892669560e-02
2.776638904854617299e-02
2.489936990842592235e-02
2.874681209470650312e-02
2.619448330580614187e-02
2.770586572476578524e-02
2.861701761377695441e-02
2.703421166268715065e-02
2.749053870244486455e-02
2.321553198177853453e-02
2.833459829698862023e-02
2.455819066191020431e-02
2.577672960063229213e-02
2.424667060547419650e-02
2.869532517002532437e-02
2.524153765797280263e-02
2.490022856664768358e-02
2.794207229329913680e-02
2.641876760989011336e-02
2.517693052345996996e-02
2.550482246403134798e-02
2.234294382367251267e-02
2.578146720809622663e-02
2.381380608940573962e-02
2.506585666724250525e-02
2.526725061962936669e-02
2.536130546079416390e-02
2.459470889273572200e-02
2.658736138497219334e-02
2.455043580269026735e-02
2.715765010659326739e-02
2.935874327739688289e-02
2.335381394852040216e-02
2.377608520373821616e-02
2.743166119445459433e-02
2.629626222672109409e-02
2.565437748059855999e-02
2.852707888844828454e-02
2.496557965834211856e-02
2.332472620776753977e-02
2.654342225587135243e-02
2.525054159622965033e-02
3.068355375314383779e-02
2.456853635915639752e-02
2.419718196633728266e-02
2.425570684446393815e-02
2.620379398691637801e-02
2.815188112936882134e-02
2.810877668467280308e-02
2.628949148359550556e-02
2.592212367341076990e-02
2.681494686826334586e-02
2.610635723740021424e-02
2.526600863925863860e-02
2.922883789605871044e-02
2.580384298361696610e-02
2.489083530678470185e-02
2.733511879570421979e-02
2.658867801659520191e-02
2.678415959307074018e-02
2.491186057273531845e-02
2.592828463863181693e-02
2.692452655821590130e-02
2.692452655821590130e-02
2.692452655821590130e-02
2.692452655821590130e-02
2.605395427618765331e-02
2.518338199415940531e-02
2.740551294878648333e-02
2.373885022439475509e-02
2.597710010959941584e-02
2.673358183279462771e-02
2.413161154023656801e-02
2.318297573485193774e-02
2.597028388650359995e-02
2.455665832223058453e-02
2.638015601390136453e-02
2.858112423949395534e-02
2.381883408195191801e-02
2.407534773013879706e-02
2.557115374456095380e-02
2.236751571850979087e-02
2.594933194349822309e-02
2.589347683433228936e-02
2.527944378116164098e-02
2.420126191199204607e-02
2.679224727047054694e-02
2.501115170657557465e-02
2.432182832451127916e-02
2.769364646657512113e-02
2.532275708405272094e-02
2.603326702045709318e-02
2.510446672955876299e-02
2.667769601491335948e-02
2.523949973777513470e-02
2.553095671263776872e-02
2.402663865764919152e-02
2.705945294582848271e-02
2.432106831084933016e-02
2.682320151183865270e-02
2.904403138135794316e-02
2.809005939742299784e-02
2.576107180412114811e-02
2.850507918846171065e-02
2.742597292836079434e-02
2.704618163638131470e-02
2.755685478603123184e-02
2.814505765869752124e-02
2.620741703559315711e-02
2.930250712106711661e-02
2.659004278576498556e-02
2.710317141237896660e-02
3.068171916928090839e-02
2.786718002810848610e-02
2.962969422799758418e-02
2.511196209544416455e-02
2.739665302687307666e-02
2.705437927167410675e-02
2.740850937671861914e-02
2.682258734288039612e-02
2.941390447870945862e-02
2.494883754930567882e-02
2.857949892996073868e-02
2.778467550042604262e-02
2.783063507338588358e-02
2.540302929188275813e-02
2.815818105196853105e-02
2.763177731084617839e-02
3.227570510687384486e-02
2.731447929950499287e-02
2.862180861160140699e-02
3.205686431633805039e-02
2.752793638903259718e-02
2.956014676112183118e-02
3.040653721545267391e-02
2.925455345091835038e-02
2.889777551119302249e-02
3.471959054649562115e-02
2.697034143932513367e-02
2.729234472633563363e-02
2.920737105099073180e-02
2.830222358472595998e-02
2.893139752160473269e-02
2.676030221300996007e-02
3.054116199543782662e-02
2.745074417206936138e-02
3.115473157754837519e-02
2.807586238858389427e-02
2.569459024108531470e-02
2.948790620075885521e-02
2.429991192793134677e-02
2.812309587096281649e-02
3.041717792801557768e-02
2.605595588837079576e-02
2.625204147893981516e-02
2.736869972104215981e-02
2.753820311779789018e-02
2.477575694600543665e-02
2.820945569824040086e-02
2.606943152918371129e-02
2.766087417650089225e-02
2.803874920157677086e-02
2.523318224076906771e-02
3.088544193686266690e-02
2.811087762255219669e-02
2.900153714238169408e-02
2.612111706256825885e-02
2.708316400330425255e-02
2.861046886073424778e-02
2.864629262270883964e-02
2.896903661930612384e-02
2.507106655010164081e-02
2.958877512082588521e-02
2.655019588485751578e-02
2.702668947074629222e-02
2.878139089056796357e-02
2.887683718488563700e-02
3.020484725754608163e-02
2.732587873153528857e-02
2.828360044426699027e-02
2.946075935755870442e-02
2.893768016009717198e-02
2.758242321645280881e-02
2.932846207516500228e-02
2.696884881931456077e-02
2.640026235576393293e-02
2.617753702688589007e-02
2.802716159692005687e-02
2.927836083836545325e-02
2.943480439991300046e-02
2.669981703773188081e-02
2.928719728961116583e-02
2.990041020371797878e-02
2.800422472909519511e-02
2.838342148910425258e-02
3.013968499958219124e-02
2.704189197734243807e-02
2.767966165483040641e-02
2.684710622504952321e-02
2.685707621509941107e-02
2.934684666674727480e-02
2.938501041462753330e-02
2.916274577849766944e-02
3.295594253436637949e-02
3.008093335551420902e-02
3.014495094298771591e-02
2.835342667205499254e-02
2.835408976390884142e-02
2.588563143535386676e-02
3.188623013090754327e-02
2.420572588310273762e-02
2.793229951030694325e-02
2.688781949465521640e-02
2.916829237784205817e-02
2.657064622091144870e-02
2.876420048215003536e-02
2.773770475050197845e-02
2.471234958856785915e-02
2.764730120276032155e-02
2.632152383849415550e-02
2.648538172632718471e-02
2.803802658865278338e-02
2.398785520824527409e-02
2.648500081938133868e-02
2.647666830054127771e-02
2.578362041880167058e-02
2.800631167360507698e-02
2.400033663613166182e-02
2.686340656559950066e-02
2.638237011907493615e-02
2.343804693116611007e-02
2.469240184665131080e-02
2.618840737924811243e-02
2.528658583795635392e-02
2.335962464530146401e-02
2.666808187751111558e-02
2.462333450208757310e-02
2.811678298609006019e-02
2.520876981129597030e-02
2.562824697471880256e-02
2.718494492384440978e-02
2.556127667596373720e-02
2.660203945353240007e-02
2.473581116919943909e-02
2.819801982709516097e-02
2.504295920563156391e-02
2.411212983545879887e-02
2.879418308470322110e-02
2.698814763555551846e-02
2.678050741746154303e-02
2.636678537051511881e-02
2.661774566465910721e-02
2.549834721113236960e-02
2.487148034478835895e-02
2.677455133006744967e-02
2.880645556995206635e-02
2.840767662277713171e-02
2.486952735335718270e-02
2.388989438535303253e-02
2.585667733888321815e-02
2.791275128706496161e-02
3.005313621004236310e-02
2.651248805872592415e-02
2.650668762835533404e-02
2.642649149916730458e-02
2.703883703088165100e-02
2.559934326667883883e-02
2.856259514419930146e-02
2.755716683496862648e-02
3.083040525961687484e-02
2.110168904750287303e-02
2.521016495715271491e-02
2.846641417965349585e-02
2.787293461706298603e-02
2.580161193035361913e-02
3.189235288487143882e-02
3.075432581058525419e-02
2.617500247225046026e-02
2.879545690919437656e-02
2.771656778558451162e-02
2.742007777268808469e-02
2.978813448552915938e-02
2.326238500364333564e-02
2.907700309209096390e-02
2.601280489007051430e-02
2.926090408427311010e-02
2.944557064065998417e-02
2.905412397652892137e-02
3.029815915156877995e-02
2.561471030824506376e-02
2.858202854097939213e-02
2.559044062930724769e-02
2.756434412355455651e-02
2.842128615214850260e-02
2.453319680954874765e-02
2.921642564346248194e-02
2.855558575066648522e-02
3.265381084184836719e-02
3.025312733350716057e-02
3.204937238764503371e-02
3.287460781086955913e-02
3.033921612005758064e-02
3.137486027359762120e-02
3.176509482524106365e-02
3.246157091355236085e-02
3.020069466647687731e-02
2.502403723503068139e-02
3.136105385721590921e-02
3.080624833233917143e-02
3.110143609455385399e-02
3.195358306984723978e-02
3.055204318875254232e-02
3.075464762907262686e-02
3.108896890018565326e-02
2.870606723400981330e-02
3.023522677217601110e-02
2.916436697243477566e-02
2.790158034427802150e-02
2.716392562276113282e-02
2.824315841976719060e-02
3.105790069849426530e-02
3.425498086007677107e-02
3.072138903742684807e-02
3.126512448326119326e-02
3.094593468560760674e-02
3.009254186087389690e-02
3.138369465301082961e-02
3.164623083378510782e-02
3.210234311640051963e-02
2.845848517271194061e-02
2.638328517688885363e-02
3.360892025761562374e-02
3.225235124806227066e-02
3.353681312927700442e-02
3.175317169361381586e-02
3.052826121525077999e-02
3.159715540961764713e-02
3.120068925930132714e-02
2.871365382335888325e-02
3.170008104711528885e-02
3.073390284103000650e-02
3.465605446993372946e-02
2.496906644099081835e-02
3.065944695405333972e-02
3.105078408080638383e-02
3.528016990126743579e-02
3.112288954122264042e-02
3.310986663115952217e-02
3.316584145700651048e-02
3.027287614053340847e-02
3.313771138005362077e-02
2.917894440421645030e-02
3.225769727480562454e-02
3.229941104692950898e-02
2.453443755916669827e-02
2.886688872952990551e-02
3.156910879336834869e-02
3.394996495435639861e-02
3.065858762440045251e-02
2.934311950630936333e-02
3.874964177349807942e-02
3.320065950955479461e-02
3.187368428937397552e-02
2.409418489481880699e-02
2.907267107878464679e-02
2.769843677961469561e-02
2.509254702684058161e-02
3.000067856818988687e-02
3.265442015358881178e-02
3.487803418264517202e-02
3.053274104380522547e-02
3.039017886108316344e-02
3.091380145727122553e-02
