1.951623413350987365e-02
2.132176185251102862e-02
1.981459111538702925e-02
1.851360972552566070e-02
2.021341177979713369e-02
2.486662577563266557e-02
2.083089070936029047e-02
2.288264099763863066e-02
2.205008245530035854e-02
2.249078852956857416e-02
2.300918182929223219e-02
2.158889635240391833e-02
2.339190294968249845e-02
2.129225953730989190e-02
1.906150370978648007e-02
1.819091839405766187e-02
2.253290887703254461e-02
2.180840663609749999e-02
2.153642785567314727e-02
2.332311888797556493e-02
2.134076762718238943e-02
2.041816248990712887e-02
2.124450760459016541e-02
2.155512805893346900e-02
2.186574851327677607e-02
1.931578192426873161e-02
1.731880477943768121e-02
1.830772108830591716e-02
1.996875935137769689e-02
2.209559905964437673e-02
1.955811994371225299e-02
2.462573896844849619e-02
2.013233096886939827e-02
2.032004530899403708e-02
1.817970602677687272e-02
2.024815669493583437e-02
2.105501774094295508e-02
1.807559377256854477e-02
1.820777220985085251e-02
1.909416587586585529e-02
2.226534943322582005e-02
2.115375388195924952e-02
2.243963843644464218e-02
2.097298393878501560e-02
2.143310163420709957e-02
2.463497497134908842e-02
1.743234587894522056e-02
2.240733051181634586e-02
2.435948434204848051e-02
2.067204429535765553e-02
2.417550080168021781e-02
2.971247563378281997e-02
2.386956984782528240e-02
2.529026847821745638e-02
2.704128165214010962e-02
2.379682955815980161e-02
2.553207378873359815e-02
2.159197590324874599e-02
2.216919603735263006e-02
2.322778261851570977e-02
2.177130133543059634e-02
2.311650023128186335e-02
2.121757610687805343e-02
2.227230096042968552e-02
2.233996967026293662e-02
2.358973232903420827e-02
2.211034775224822099e-02
2.545464210713815206e-02
2.887224017602200987e-02
2.811210204373520288e-02
3.004311561793304025e-02
2.737498747759607026e-02
2.483475351326091055e-02
2.850034622282135444e-02
2.724783743977229195e-02
2.606881445937067956e-02
2.560228253994940861e-02
2.929482047575904941e-02
2.562912138331462433e-02
3.218940892867176717e-02
2.977041771076482587e-02
2.872925926845946304e-02
2.831927822369849704e-02
2.519545214484072981e-02
2.409405796795746624e-02
2.419726045361829045e-02
2.348900935746909766e-02
2.204080746488832135e-02
2.559321871936585599e-02
2.406484027069935236e-02
2.500873719476074536e-02
2.643594764820768675e-02
2.490646607601503318e-02
2.357713249381734183e-02
2.452546753444875133e-02
2.213685198839051085e-02
2.401600438878895641e-02
2.149313478458413779e-02
1.786621605974426583e-02
1.995362626090098693e-02
2.253192561566240079e-02
2.195138950692303303e-02
2.573451076336914778e-02
2.298081182122582722e-02
2.397328843384749844e-02
2.426163074952695717e-02
2.026862251286357802e-02
2.377760790007303268e-02
2.469661102388144916e-02
2.195783104033178709e-02
2.150830128747298342e-02
2.494129300730660304e-02
2.306495481487074589e-02
2.377791543732884344e-02
2.449087605978693752e-02
2.474735721727434196e-02
2.482005048182591572e-02
2.489274374637748949e-02
1.974359311015369198e-02
2.334278033845106279e-02
2.285013524841880347e-02
2.267571402091841590e-02
1.984224340091369360e-02
2.525931817088703304e-02
2.033379090679232615e-02
2.208270561894209658e-02
2.224479279877657201e-02
2.192613433789254024e-02
2.575050881141918366e-02
2.283798870278722776e-02
2.239096831640888935e-02
2.122115166996871999e-02
2.193536170372902688e-02
2.232276390431284230e-02
1.916408825831570489e-02
2.008194403747575602e-02
1.960305073189901048e-02
2.194460721385942462e-02
1.935020390656489939e-02
2.116760413174339356e-02
2.227360577662348962e-02
1.913354569105967656e-02
2.183396208875413788e-02
2.046800583343872521e-02
1.910398159844955632e-02
1.940170288841230536e-02
1.933179462883530958e-02
2.014398846551473596e-02
1.881109188350102435e-02
1.822797982688105500e-02
1.914681930683878944e-02
2.190432289549772843e-02
2.043465352214371075e-02
1.810694526939110940e-02
1.897756373738658173e-02
1.934184169309240836e-02
2.079405956648126483e-02
1.956752244571064586e-02
1.850141146460213340e-02
1.964208306517076577e-02
1.909959856717243290e-02
1.849266122680676139e-02
1.718584082470531182e-02
2.267342880519567644e-02
2.062468902890747524e-02
2.511702080804441295e-02
1.767502480938079948e-02
2.140543724372236806e-02
2.283220246971452705e-02
2.028143552572133843e-02
1.843472186162182710e-02
1.832798159038843619e-02
2.029039968129047605e-02
1.965513007203106149e-02
2.156680996307432790e-02
1.895994035016988419e-02
2.180050143427778031e-02
2.556373194732084950e-02
1.930625140255188416e-02
2.232942534813938534e-02
2.526451421446962789e-02
2.432975933139959468e-02
1.936758572557637295e-02
2.394492538857213512e-02
1.898167985316732281e-02
1.945005988855139437e-02
2.214141521670573085e-02
2.142289602962505618e-02
2.194854678170026982e-02
2.381715869200046187e-02
1.975545229000174458e-02
2.319033335477699645e-02
2.075856824758697330e-02
1.932090531484318210e-02
2.008967256230911186e-02
2.089254163904380457e-02
1.960420079841673768e-02
2.144499522184911341e-02
1.914649328347632629e-02
2.252464364980782258e-02
2.236493655661135962e-02
2.081286786287468368e-02
2.084556472884135578e-02
1.979278471369206802e-02
1.892600399889119225e-02
2.134781125213129974e-02
1.919399830979953703e-02
1.969498737855568393e-02
1.806956875809060531e-02
2.218699110760926144e-02
1.811773497738653621e-02
2.157430889547925362e-02
1.976577928610778398e-02
1.934454271732259298e-02
2.033885898879082138e-02
1.911461768427505023e-02
1.789037637975927908e-02
1.936312913113297576e-02
2.039884015500780662e-02
1.835504833061889565e-02
2.121473815975314509e-02
2.025290508118479313e-02
1.964021574662367861e-02
2.181358171082626793e-02
1.639818132745685456e-02
2.012785930360664471e-02
2.045244737183067596e-02
2.251919175969841619e-02
2.025857037246606845e-02
1.944851267349808135e-02
1.803713726256301469e-02
1.841884358094164967e-02
1.841884358094164967e-02
1.841884358094164967e-02
1.841884358094164967e-02
1.944815884195199435e-02
2.047747410296233903e-02
2.122886152077454319e-02
1.603522284283850560e-02
2.126676605102240797e-02
2.010327726828704462e-02
1.935189874140822233e-02
1.701121335517783578e-02
2.139300286748706953e-02
1.809517613703124847e-02
1.844577811151504668e-02
1.792595211730195134e-02
1.874973751591803295e-02
1.672358034608145000e-02
2.211354025554043007e-02
1.551186526771762032e-02
2.103946956232195450e-02
1.778615570874327381e-02
1.740568548940320606e-02
1.605499392629883282e-02
2.005744566667921891e-02
1.862948181695708166e-02
1.733098803854292436e-02
1.715883513648779751e-02
1.657599138778746706e-02
1.958885689188591406e-02
1.586162800755707564e-02
1.980752718258778702e-02
1.849707586320872843e-02
1.833785275489993594e-02
1.890019944864292437e-02
1.711379070609708730e-02
1.699291428625499326e-02
1.548734944997232944e-02
2.058728401297195074e-02
1.663569123632675784e-02
1.760568840100614971e-02
1.872597681234433944e-02
1.709576235565179320e-02
1.863501454950323988e-02
1.848599863408788291e-02
1.711882331864209364e-02
1.649230577638055931e-02
1.757146670393627819e-02
1.800913224385430542e-02
1.566217738826105460e-02
1.825553200123590514e-02
1.665737926020130835e-02
1.642358674982751648e-02
1.646219702179474095e-02
1.756046039790316524e-02
1.770765978282387576e-02
1.917752639289335356e-02
1.576606442194122132e-02
1.812179513164156527e-02
1.410027532271274260e-02
1.686085884718767705e-02
1.838401167937261244e-02
1.652948083570042470e-02
1.761915971614807716e-02
1.782225127503283060e-02
1.563159342509263736e-02
1.803337858769075638e-02
1.382894883074673072e-02
1.898553961015223696e-02
1.986925453715707515e-02
1.715391983290197320e-02
1.630427493639280412e-02
1.808884113845841621e-02
1.965464106202589184e-02
1.700816980201301509e-02
2.029584551747040319e-02
1.633043813394731772e-02
1.952852886368026952e-02
2.398299465987703549e-02
1.747050513325069249e-02
2.063593163560465890e-02
2.102701910060504262e-02
1.784067545368747329e-02
1.681526006394733902e-02
1.893764920562730075e-02
1.827032370844460657e-02
1.770321989121117698e-02
2.024571120162632631e-02
1.652924193840977010e-02
1.940286362741851928e-02
2.178014980902708356e-02
1.640336420907126044e-02
1.940589852240945032e-02
1.671920724717141857e-02
1.813314367695355658e-02
1.567925134731128212e-02
2.020909090392114527e-02
1.699947974529882402e-02
1.692840178773812737e-02
2.020333393054448909e-02
1.612728868171283900e-02
1.865562898397198424e-02
1.675881893382162938e-02
1.789090406224876431e-02
1.630612598233923544e-02
1.643582081678572962e-02
1.728615779608918060e-02
1.596237208790763848e-02
1.645092536155438878e-02
1.572248781771085069e-02
1.976619203406626557e-02
1.691783940961583133e-02
1.859405529158597234e-02
1.689884395001059816e-02
1.687412089236849447e-02
1.693454751420673740e-02
1.669920491929642592e-02
1.691242392024735683e-02
1.637047410344813492e-02
1.495474479229346593e-02
1.568714016621105406e-02
1.844824801310865001e-02
1.716476045910988318e-02
1.641721595192051700e-02
1.754932541564179632e-02
1.555823993373162302e-02
1.437228577581544688e-02
1.698533989096193825e-02
1.585166758222307515e-02
1.762994064609948661e-02
1.687565123311074791e-02
1.545327481755156933e-02
1.577274500653225858e-02
1.804962805263429088e-02
1.763361716933509182e-02
1.540012026712463816e-02
1.718483367531087325e-02
1.566589580264612924e-02
1.519119154560100854e-02
1.850116029073726673e-02
1.722786759117476280e-02
1.946294625029265993e-02
1.638713877635642260e-02
1.397053413193024597e-02
1.540119520913818194e-02
1.721835415730441771e-02
1.620522223844906087e-02
1.642556836709803403e-02
1.567761431933283392e-02
1.512800264608374357e-02
1.489398880921782853e-02
1.742296640990169398e-02
1.618676844732371348e-02
1.803770992206952389e-02
1.936198597038426769e-02
1.493720887288778158e-02
1.947879556433804865e-02
1.617513401652339103e-02
1.619446084207001174e-02
2.038573402812014074e-02
1.834482190672047722e-02
2.112622433128174063e-02
2.091974450346891640e-02
2.338115845919115990e-02
2.277428267295108708e-02
2.434929090091475859e-02
2.417465571531388080e-02
1.969573178794050902e-02
2.142721263544507607e-02
2.133492344207586766e-02
2.302090361715808386e-02
2.067622494483512333e-02
2.173992025013864529e-02
2.264192033437657445e-02
1.892543330229632878e-02
2.277551042099857509e-02
1.965910221158627749e-02
1.987536004364846148e-02
2.094153657204193483e-02
1.764740397619662948e-02
1.990965675034781293e-02
1.844455796745919987e-02
2.130826451660882206e-02
2.067858276501899004e-02
1.993576391290916364e-02
1.850972872741392383e-02
2.131219075612090716e-02
2.178230261892635453e-02
1.949164047859284696e-02
1.702752183377445605e-02
1.943389354121272117e-02
1.763918986115756149e-02
1.890723869188245393e-02
1.935448278909749145e-02
1.840184643884688193e-02
1.719229528899192047e-02
2.301445601079441308e-02
1.827399073053036227e-02
1.770793286881372844e-02
2.017362534550053849e-02
1.706363310696722493e-02
1.829608159947419127e-02
1.849589450653556580e-02
1.436126612795708517e-02
1.581050786172076908e-02
1.930392189302611305e-02
1.828163819314767430e-02
1.940586782651562703e-02
1.673386946265011804e-02
1.674820990113559671e-02
1.610014577500179511e-02
2.006670612406130302e-02
1.818852981425596663e-02
1.696791679045759824e-02
1.656234052694394512e-02
1.468518160898645702e-02
1.748449149518383275e-02
1.836648501179917112e-02
1.731281120636265353e-02
1.788913595721586952e-02
1.588778375959834510e-02
1.914583314810583067e-02
1.375442420920816068e-02
1.648975324285245625e-02
1.779356152954136849e-02
1.615237115420420713e-02
1.725029374131950219e-02
1.339062499338128723e-02
1.800495449088274080e-02
1.618809780983629376e-02
1.726713661045741269e-02
1.892942595420344862e-02
1.453244339185920039e-02
1.539634004794231473e-02
1.597735048802030947e-02
1.628803120643599472e-02
1.524816508670594206e-02
1.593881753615800784e-02
1.612719509247237046e-02
1.579419893953831755e-02
1.483411079582208636e-02
1.569905724462584973e-02
1.719576975269970776e-02
1.532964179003150525e-02
1.532159048280417289e-02
1.556831019545672039e-02
1.499625244718996372e-02
1.690801833901171836e-02
1.442850020385728384e-02
1.274446686376930205e-02
1.588913467994969644e-02
1.455080386868025030e-02
1.442261519055909776e-02
1.814381890852355406e-02
1.455668118599713970e-02
1.514801425497484637e-02
1.553640851846141945e-02
1.381720919266531643e-02
1.537222104724463891e-02
1.677566940958271149e-02
1.493307420255334667e-02
1.708897829250384873e-02
1.452519038997081118e-02
1.210424734048007323e-02
1.254561240652967390e-02
1.730803581076635969e-02
1.447858098171410542e-02
1.539535999750367597e-02
1.555234798789773693e-02
1.294222360596939889e-02
1.335619091800854460e-02
1.608606054643358513e-02
1.343400153652209855e-02
1.481825145209525289e-02
1.538188681934986486e-02
1.175751726024602643e-02
1.059746685352001665e-02
1.502725867305136978e-02
1.300072052312250745e-02
1.543515754555029214e-02
1.210114469885819298e-02
1.236998579060624021e-02
1.247763932293428392e-02
1.412217627292516008e-02
1.350396816740420496e-02
1.475008780174593727e-02
1.391477967695883312e-02
8.660277477715324843e-03
1.273388815498590655e-02
1.366238699129956012e-02
1.237932169819207749e-02
1.356328953681149897e-02
1.050982523880145819e-02
1.149006596633360584e-02
1.279702906704293860e-02
1.451661073318992988e-02
1.468274662833066353e-02
1.196995257466314938e-02
2.484978396869385112e-02
1.869911164626188727e-01
5.398443943701448922e-02
3.683498067195952602e-02
3.103362425471880778e-02
1.723512493249144961e-02
1.968535597531396314e-02
1.955677676735534734e-02
1.595703082049447497e-02
2.124398018308083780e-02
1.701316767867214197e-02
1.601298573119715532e-02
1.522020432432598727e-02
