3.706365672922501409e-02
3.983744516317608286e-02
4.757217477155963048e-02
4.439696645001854625e-02
4.872949063738617886e-02
4.950830574844188037e-02
4.448120569776436994e-02
4.886711368348889417e-02
4.278554932630340008e-02
4.249776686699133915e-02
4.591166975884126283e-02
3.697411367778238173e-02
4.124106917502008696e-02
4.139828964128091510e-02
4.424644917897383595e-02
4.327032187292815385e-02
5.596390529470039038e-02
4.007200057906287055e-02
4.133839386958228224e-02
5.031260765865303713e-02
4.685943859077238566e-02
4.304469965386454461e-02
4.195763524138964445e-02
4.258114067449619844e-02
4.320464610760275243e-02
4.539575555284142833e-02
4.694621547902849690e-02
4.121531214976087432e-02
5.739369277085043519e-02
4.483348130002486054e-02
4.401852727719340191e-02
5.560533937999428966e-02
4.448119806341183785e-02
4.605033662517424298e-02
3.993697278948419443e-02
4.481817270851005952e-02
4.220304528528580346e-02
4.713610082636086190e-02
4.464457891237311182e-02
4.419294206646024598e-02
5.679074501618097681e-02
4.659435692416925151e-02
4.820931461773528270e-02
5.144492490806960860e-02
4.485897441572182787e-02
4.923905881089479797e-02
4.260101387956290175e-02
4.214732487837358210e-02
4.361882165072602374e-02
4.469596347889597671e-02
4.134002279256139556e-02
4.698643795897656378e-02
4.570188747887954372e-02
4.439423742179347820e-02
4.575057257828480523e-02
4.774537612940091963e-02
4.634992730584074766e-02
4.223239509946562914e-02
4.103586550103732744e-02
4.097513478171756207e-02
3.561216937150310513e-02
4.145998364652785095e-02
4.954979666014271145e-02
4.466435724581419714e-02
4.156072063308159648e-02
5.076784997559939672e-02
3.941443093001670284e-02
4.128161969219529270e-02
5.013401938160084309e-02
3.739334256379409083e-02
3.543613197218935945e-02
4.011235650414757270e-02
3.552963739459057829e-02
4.114997763637168182e-02
4.199865924455069288e-02
4.015340012341667153e-02
4.061745430902592713e-02
4.752946916963832896e-02
3.830289650149003994e-02
4.690574902457196604e-02
3.835668895926949706e-02
3.950123932393238141e-02
3.482600328241684112e-02
3.346592332355401850e-02
3.374358277587082011e-02
3.762403809675811395e-02
3.957327799494354814e-02
3.929226069437171537e-02
4.807234861805964599e-02
4.199898241617355116e-02
3.784750383569580878e-02
4.723619267016593987e-02
4.035125988130496000e-02
4.087552305508321965e-02
4.101450290235090362e-02
3.811667104581786120e-02
4.046237329070277722e-02
3.890208413903844392e-02
3.804928432925584747e-02
4.490930239542999247e-02
5.133430422603674215e-02
4.409171429035328021e-02
4.513422988605301361e-02
4.431305924990786710e-02
4.065466960380206135e-02
4.530365621159595374e-02
4.176231720066644199e-02
4.093403467510735999e-02
4.297736269461015918e-02
4.087315101767555192e-02
4.268022843577006648e-02
4.837393076362992567e-02
4.323261269829059561e-02
4.529588248116474258e-02
4.735915226403888956e-02
4.687817536466641621e-02
4.374431920826184206e-02
4.061046305185726790e-02
3.854661636040095790e-02
4.338994987354263116e-02
3.789315348706328440e-02
4.291662632177053321e-02
4.055157224437797026e-02
4.864398030574228204e-02
4.588000701356984012e-02
4.640411032641223593e-02
4.410744318195457259e-02
4.292685882502001588e-02
4.560985969912875748e-02
4.136462642204102175e-02
4.134315913215890620e-02
3.921856551657928319e-02
3.866280870939106662e-02
4.289444775624311201e-02
4.625884191032543502e-02
4.485574544809035891e-02
4.474171339238527945e-02
4.852011356814744242e-02
4.311060299843372245e-02
4.213406230101710698e-02
5.027935265912704399e-02
4.168581257418606939e-02
4.380432342900288101e-02
4.329716312172441489e-02
4.454734543833605703e-02
4.431211308483132272e-02
4.906283093671880841e-02
4.552746566537774903e-02
5.409885729704270313e-02
4.400312344394905623e-02
4.231608379407608006e-02
4.663324892079509509e-02
4.510656719068109610e-02
4.727318251380592529e-02
4.328598718530413114e-02
4.682506973686940965e-02
4.387341854596886470e-02
4.612915135035804831e-02
4.471126275734958050e-02
4.359946388376916698e-02
5.084448756734174374e-02
4.420002725896563650e-02
4.179887720795617823e-02
4.858137562937625553e-02
4.592555215552238113e-02
4.983060267140074912e-02
3.941508047050264890e-02
4.493412344417734711e-02
4.761704831370143498e-02
4.956359370327163144e-02
4.685686960432796505e-02
4.638816790169724563e-02
4.919388528447272285e-02
4.674418288538395583e-02
4.358396924849330251e-02
4.399002126362847043e-02
4.246634061691046541e-02
4.587885134583944563e-02
4.302907065589523655e-02
3.714766515238580868e-02
4.272939837760608706e-02
4.376052528153619864e-02
3.940775782955539125e-02
4.386543723799995326e-02
4.271705237069391842e-02
4.290087864687922720e-02
4.211138890936580448e-02
4.176926287724792852e-02
3.922956744405399487e-02
3.814619082902703101e-02
3.539957476723661067e-02
4.156611375695751925e-02
3.667316938728962944e-02
4.173237959061019270e-02
4.118933272492283915e-02
4.169198485549271277e-02
3.957572391142116092e-02
4.518303663178155349e-02
4.044922111014018218e-02
3.890409474597117390e-02
4.345185338074243619e-02
3.962715949201917054e-02
3.802540326534284421e-02
3.866346537736586875e-02
4.384578984757225850e-02
4.100443754908127125e-02
3.988987940524412606e-02
4.570884160122008766e-02
4.207938946889801940e-02
4.261606042073329270e-02
4.208828734833044982e-02
4.269689883665284125e-02
3.912169038140390909e-02
3.895382625688192935e-02
4.091703857214364082e-02
4.300214828757212282e-02
4.508725800300061176e-02
4.203936451148800740e-02
4.229574496875852796e-02
4.189142402564519779e-02
4.564314668835432048e-02
3.880328252025398023e-02
4.169815865720746112e-02
4.193446280034882068e-02
4.043619976046725767e-02
4.243602357293706218e-02
4.213665242992917226e-02
4.232621724191758944e-02
3.896956586433147907e-02
4.028638479030554470e-02
3.868096456838087532e-02
3.684416725730679798e-02
3.684416725730679798e-02
3.684416725730679798e-02
3.684416725730679798e-02
3.882328915181565421e-02
4.080241104632451044e-02
4.228903034389872723e-02
3.612360727368128799e-02
3.745661948868801022e-02
4.539731377041887617e-02
3.895917916269821951e-02
3.651533707409408691e-02
4.444727832197186562e-02
4.129481528859397371e-02
4.090842876948986434e-02
4.222687453182320111e-02
3.963465355657838640e-02
3.870505066279884138e-02
3.994255828790593821e-02
3.607615632059195387e-02
3.936608260358949452e-02
3.844311204806975801e-02
4.342394534238960824e-02
4.095266003673798255e-02
4.370449501079775451e-02
3.963543253094743701e-02
3.834859016978335589e-02
4.070040928767228866e-02
3.874519284304932254e-02
4.298305093218314499e-02
4.369273280102341922e-02
4.522286258383473312e-02
4.461289809429679065e-02
3.972117448878977053e-02
4.183129115414620236e-02
4.517840575987385615e-02
4.443673840916585044e-02
3.998899384627375292e-02
4.519739978869098673e-02
4.654401230291760339e-02
4.857443312514862777e-02
4.897060584965440971e-02
4.544920609507246273e-02
5.034680873000335621e-02
4.740871146440938516e-02
4.324334394441914364e-02
4.326694021543128071e-02
5.174511294893466978e-02
5.043194738941939037e-02
4.368500751654486730e-02
4.889069453540835497e-02
4.465228255436134996e-02
4.433135642553362454e-02
4.851937322520486623e-02
4.300258460100670616e-02
4.625249964054497370e-02
4.550300103014926628e-02
4.714425715449523102e-02
5.117065783443908861e-02
4.527728813994703200e-02
4.208718249273530471e-02
4.824297146086532068e-02
4.142961526235312136e-02
4.542648746500190654e-02
4.825520244697190098e-02
4.656713237960981994e-02
4.953354955786519465e-02
4.960805306480686738e-02
5.025577422477844891e-02
5.267863751455272026e-02
4.905192732017314705e-02
4.469745114292384552e-02
4.434709263938715201e-02
4.922713402096764307e-02
4.845486323579530075e-02
4.752045816026367886e-02
4.708310268675369725e-02
4.337016209022828694e-02
4.714255402066699907e-02
4.436927066485087806e-02
4.476328156926816931e-02
5.532781085580286418e-02
4.176257772354328990e-02
4.510785300035004969e-02
4.879142719444067022e-02
4.679253902592215436e-02
4.323704335904261092e-02
4.704234862195334071e-02
4.014903170006024757e-02
4.507231870371725124e-02
5.137394830976704102e-02
4.418765941045076084e-02
4.603362665448929719e-02
4.231443824944342014e-02
4.452998361586245346e-02
4.298892611087144766e-02
4.270246648769789044e-02
4.440074213837696265e-02
4.231017331516688518e-02
4.811985154240512597e-02
4.311721356769332436e-02
4.795217318219553021e-02
4.898952541901063079e-02
4.355307620090342891e-02
4.494737734188596068e-02
3.997349701654564352e-02
4.290957448525550139e-02
4.622945263184308207e-02
4.220963755954559166e-02
4.084978176809865580e-02
4.570514301222645265e-02
4.305540570454912536e-02
4.262176731554712106e-02
4.752043503453283468e-02
4.539911231772583017e-02
4.483692299839524970e-02
4.574135934349706639e-02
4.319319609335758176e-02
4.101377181433791402e-02
4.953578151638419330e-02
4.449140667797615162e-02
4.429722195540554408e-02
4.559096326256908277e-02
4.175168596525477560e-02
4.547625090005501941e-02
4.608639849320363829e-02
4.157573907756014625e-02
5.034431245101325669e-02
4.425989882418278343e-02
4.666384037128445267e-02
4.482484870350075118e-02
4.876968952049229311e-02
4.541024088123333385e-02
4.606753463959843004e-02
4.423213834401570205e-02
4.464899517080520713e-02
4.678099707729920648e-02
4.806949933206029757e-02
4.969417958338090413e-02
5.320792666337206822e-02
4.600723008633420680e-02
4.842347684157607274e-02
4.734446205515210893e-02
4.263471865260339000e-02
4.178959892886908306e-02
4.754373868546465237e-02
4.109246485638901741e-02
4.444742141648718586e-02
4.236839383712982798e-02
4.415536112479311742e-02
4.446708950386060732e-02
4.394635484151061811e-02
4.186404262994163766e-02
4.449356044175108160e-02
4.294387798329961370e-02
4.179402979475765889e-02
4.163800516726629680e-02
3.905369144583061003e-02
4.050631109103078331e-02
4.099189327216373052e-02
3.910126136914750944e-02
3.892410878650765654e-02
3.813610696975900521e-02
4.230427638245584654e-02
4.042222224115695622e-02
4.095099424715664682e-02
3.747337575348605454e-02
4.203600814334729208e-02
3.643331554937408179e-02
3.308257177021506346e-02
3.712998547455886866e-02
3.837931931442161576e-02
3.578114924336102398e-02
3.781082238597736206e-02
3.465193341494129248e-02
3.878971383702319031e-02
4.050975028859786498e-02
3.922863544805968439e-02
3.845142345857844451e-02
3.847730863789147748e-02
3.590564348395493960e-02
3.140142953906181755e-02
3.605078417000578961e-02
3.862693839250819217e-02
3.826269768855566217e-02
3.495980153829891107e-02
3.705069236884905859e-02
4.137337575191678274e-02
3.963939765116415714e-02
3.797626118921942906e-02
3.626611932877047556e-02
4.019382709035931867e-02
3.595021238072007574e-02
3.517601094469906958e-02
3.635147734866738672e-02
3.641125326785988464e-02
3.934000257017120084e-02
3.615357187475685963e-02
3.628567890842542693e-02
3.883458705827641522e-02
3.818024705404789859e-02
3.665736647587004154e-02
3.591151555595154671e-02
3.581543614105665158e-02
3.653505808906333530e-02
3.550462157007210073e-02
3.522318102427645509e-02
4.038519538587515695e-02
3.623933569772561786e-02
3.635253581046230670e-02
3.651093539878053768e-02
3.991640468504960293e-02
3.555980537665261870e-02
3.849727737466832056e-02
3.830384573814090560e-02
3.937385790886910319e-02
3.786038278354742631e-02
3.424522734289593695e-02
3.516528915996307292e-02
3.933212929710581257e-02
3.614121130156357914e-02
3.709445128931382341e-02
3.563102581391787427e-02
3.792100309907314726e-02
4.239270286837663881e-02
3.795810693697256044e-02
3.875903948397585452e-02
3.611793100155034908e-02
3.999826246932698670e-02
3.400739299357858486e-02
3.426746953061012707e-02
4.007955829671147607e-02
3.452505494492175836e-02
4.090676731270612154e-02
3.636999465694860240e-02
4.056299786512720246e-02
4.559760780174294120e-02
4.477196538800806702e-02
4.176714541444683654e-02
4.327266074563260179e-02
3.971681188035049853e-02
3.613591218552746759e-02
4.067496853183896754e-02
4.271726761972287345e-02
3.567991720891339202e-02
4.196028533331236376e-02
3.978390214081565374e-02
4.473068979967638470e-02
4.543136922389339610e-02
4.566636089609949628e-02
4.352139680760155893e-02
4.086969208688875921e-02
3.844089852427705345e-02
3.645839054234496779e-02
3.874208457502217179e-02
3.903012715704150953e-02
3.809507919502213430e-02
3.583592984867462611e-02
4.302481300878502335e-02
4.509665049308339557e-02
4.461189736890030372e-02
4.561109863721396485e-02
4.587053680075449391e-02
4.105451853031317350e-02
3.814766909979679099e-02
4.144985030509423796e-02
3.867316359930407510e-02
4.033211727023507803e-02
4.435333879112009908e-02
3.901495218567844342e-02
4.309549752293988234e-02
4.396745437754974450e-02
4.503673818020864639e-02
4.400375476793928070e-02
4.276402731328313861e-02
4.035143192050161948e-02
3.723982079363086228e-02
3.966557034091258011e-02
4.385295143950911079e-02
4.495870212233237656e-02
4.002692724611470187e-02
3.872677985204665135e-02
4.364256992940134666e-02
4.618498284781717700e-02
4.265966638845366393e-02
4.811175071798626246e-02
4.184680794637850310e-02
4.028089724181086601e-02
4.122515174637002983e-02
3.770126309595549230e-02
4.050672798043463557e-02
4.446074387766960762e-02
4.026307285561124549e-02
4.283468675906634826e-02
4.492206662362337177e-02
4.525586789764898810e-02
4.707167512585214153e-02
4.468281534563551399e-02
3.987905426367870793e-02
3.230007569237857562e-02
4.035650276652228557e-02
3.027091992719033176e-02
3.785329577449672578e-02
4.090209280340117992e-02
3.499923843031019915e-02
3.995386586860825984e-02
3.844493227540906471e-02
4.245289525792893953e-02
4.012375754678748629e-02
4.037489133234412053e-02
3.931201895073574426e-02
