3.555504638159821817e-02
3.544961778963660187e-02
3.852484476134814678e-02
3.343387441923018760e-02
4.080204235326605894e-02
3.998466161468440527e-02
3.919859891765833937e-02
4.086646717511806942e-02
3.945383600187744866e-02
3.565786687568556212e-02
3.506433923551934007e-02
3.493868172074791195e-02
3.665650763310479565e-02
3.832472817718739211e-02
4.079601478582285667e-02
3.397253400452814043e-02
4.505587942441884042e-02
3.443328573949704791e-02
3.714795731114441113e-02
3.908108610525413279e-02
3.540740186931401468e-02
3.783420400900659036e-02
3.436507549081053298e-02
3.598141825623493717e-02
3.759776102165933442e-02
3.573332867923685596e-02
3.565366888466583312e-02
3.681404420974668940e-02
4.173685721567360618e-02
3.584277794037342424e-02
3.435313631845771792e-02
4.056232780276518290e-02
3.712938895535337208e-02
3.892561948993422671e-02
3.189846110142856989e-02
3.128260486509652077e-02
3.809901494250369364e-02
3.456455390458137295e-02
3.386266142527353390e-02
3.408289813979983873e-02
4.131983696882374907e-02
3.440962156785006693e-02
3.673864214757392027e-02
3.647366646982239113e-02
3.559881072548223141e-02
3.390525790048727617e-02
3.603244416478720152e-02
3.617542697369725835e-02
3.562722136331123585e-02
3.206775590768493056e-02
3.430761146884906548e-02
4.017615640754544637e-02
3.771382946402784125e-02
3.681358125684265625e-02
3.858557816424013076e-02
3.668707679945563266e-02
3.998469876525357486e-02
3.811001087651955804e-02
3.502228411985462003e-02
3.909126449088338312e-02
3.444545192719596083e-02
3.868222341285881133e-02
3.627333147668022895e-02
3.586377373398841328e-02
3.808908626259942948e-02
3.891201639289593173e-02
3.662759834050188790e-02
4.005904745423533725e-02
4.284236577849721839e-02
3.976991901689565234e-02
3.660128051545714217e-02
3.931022453399713595e-02
4.045053059482583285e-02
3.914340371031949095e-02
4.057188890868894393e-02
4.269826316273110656e-02
4.016071677578302718e-02
4.295831542342712361e-02
4.006671888487977479e-02
4.046594656752738189e-02
4.060497306755006530e-02
3.987797054628160892e-02
4.676159242917765635e-02
3.729397294085546460e-02
3.589395581991645240e-02
3.795101991970011024e-02
4.215482847472571543e-02
3.971428309160966730e-02
4.761022447009524705e-02
3.737828083839957877e-02
4.064433149737237128e-02
4.409216109465656508e-02
3.584428211382678642e-02
3.732765204416818583e-02
3.723639328355829448e-02
3.681444753887552768e-02
3.904678116831721696e-02
3.731766982774524510e-02
4.256844099066929565e-02
3.657790999724720715e-02
3.944014083203083165e-02
3.934542649232333072e-02
3.897196615233035344e-02
3.796324702909705667e-02
4.236459315333912512e-02
4.124426843238745977e-02
3.922121817048872250e-02
3.583585590035309743e-02
3.897735712395049984e-02
4.148121913057626481e-02
4.033245145251688341e-02
3.941885933118284557e-02
3.920051767485447508e-02
3.803091212304986202e-02
3.686130657124524895e-02
3.918047453490811072e-02
3.973583906547507871e-02
4.029120359604204671e-02
3.464360106312658338e-02
3.725317684079319097e-02
4.031187903732538075e-02
3.811383862908497566e-02
4.012915412277113375e-02
3.667895056139690302e-02
3.760608423511551529e-02
3.597587604889123519e-02
3.525049442329015320e-02
3.758590861340566774e-02
3.584889116660995578e-02
3.789988829850653856e-02
3.152327597821893285e-02
3.726169691972554265e-02
3.372947607391915681e-02
3.542252669972682094e-02
4.015204566538923409e-02
3.754604000219487897e-02
3.341661321223429043e-02
3.537825372260443996e-02
3.200057185564671169e-02
3.523010944643151926e-02
3.441397313045753414e-02
3.256241805757075641e-02
3.271520092438857941e-02
3.672717525032966057e-02
3.098820364380400899e-02
2.983820608365560928e-02
3.580050667180268570e-02
3.345065135658772254e-02
3.199995309306304797e-02
3.300489426672720966e-02
3.148649160740915609e-02
3.483611967209064575e-02
3.265646885988774534e-02
2.884644078075547166e-02
2.778970669105817679e-02
3.371134485082087628e-02
3.225890316199345881e-02
3.100278202257389024e-02
3.239726469033054473e-02
3.538530456589251277e-02
3.679197175424545052e-02
3.180580243678041152e-02
3.240336024486815958e-02
3.542666918045148106e-02
3.295507113054270409e-02
3.502249319956714235e-02
2.985910355552181747e-02
3.278764118836094421e-02
3.642980196145764044e-02
3.146822488304806820e-02
3.022554047086794746e-02
3.196095955481562112e-02
3.453409545841638895e-02
3.182517676718307070e-02
3.589297422865699028e-02
3.179111920169404998e-02
3.275899841761257397e-02
3.516384995981466921e-02
3.377803031696802183e-02
3.447999821254548597e-02
3.700461614792269899e-02
3.232592931888681603e-02
3.248629740166945196e-02
3.695387207047717837e-02
3.900879300787076648e-02
3.285514312820988353e-02
3.482836084961829504e-02
3.755517607214357845e-02
3.543302533254727438e-02
3.677680638396102486e-02
3.539486368494845769e-02
3.905886729881709318e-02
3.380408850234333656e-02
3.529893499957068720e-02
3.839011616233560520e-02
4.002614474702662073e-02
3.963117438430773659e-02
4.073133572450744755e-02
3.530726243224022176e-02
3.647495750115257312e-02
3.647097225266011239e-02
3.759109138336270972e-02
3.935985583734509519e-02
3.664669465467609855e-02
3.801171135880140189e-02
3.327744115134298464e-02
3.823176467179572463e-02
3.601587238586727302e-02
3.608661625819721552e-02
3.834458061787583000e-02
3.417627580946169807e-02
3.646934054369943556e-02
3.665453553735265740e-02
3.365694700607390483e-02
3.640229439879698325e-02
3.870771333771713674e-02
4.101313227663729022e-02
4.319137230889963375e-02
4.373802887290589164e-02
3.844493783368002626e-02
4.443778474898548575e-02
4.226756648176950570e-02
4.301980527569054108e-02
3.969563674055753832e-02
4.076419913854174154e-02
3.723415357050839647e-02
3.881810936513547389e-02
3.977555545721031538e-02
3.833907732202777863e-02
3.665647959719068455e-02
4.201823455260262491e-02
3.925602417322508753e-02
3.925602417322508753e-02
3.925602417322508753e-02
3.925602417322508753e-02
4.068870557575455377e-02
4.212138697828402001e-02
4.039877991252881911e-02
3.692099406449564358e-02
3.857955804614515705e-02
4.063913524888397577e-02
4.218675227385948467e-02
3.694228215340676635e-02
4.188246908112538275e-02
3.631619273652918201e-02
4.189098331646761569e-02
3.653173950376485679e-02
3.702012556680920469e-02
3.879719623161878572e-02
3.940530540892119016e-02
3.701044606965432637e-02
3.853189852929186227e-02
3.853283367505572904e-02
3.957955298929170113e-02
3.226356695062244928e-02
3.896267612756244836e-02
3.626953355459332229e-02
3.662599072749109230e-02
3.962674059275247962e-02
3.348123029205840595e-02
3.508947770284841922e-02
3.263500953636990637e-02
3.324029359883356322e-02
3.429568619349779302e-02
3.758631626220165778e-02
3.884933373661354772e-02
3.263960236139903937e-02
3.245550945216875427e-02
3.432793373860103942e-02
3.500863604262248463e-02
3.241052858580262958e-02
3.432525870607848473e-02
3.663265465691761813e-02
3.608607310524382383e-02
3.088337143771690066e-02
3.738090628460628145e-02
3.529466757186725673e-02
3.513895004825902391e-02
3.337922586054954677e-02
3.036425044009144827e-02
3.257624106278445009e-02
3.555224825076214873e-02
3.033312497692561976e-02
3.542258593292142710e-02
3.123166195081702665e-02
3.666934772920732444e-02
3.486284828440529976e-02
3.515440293952699913e-02
3.349031299649108534e-02
3.755384984275666332e-02
3.027552469328478879e-02
3.139863911015387116e-02
3.578111218275564082e-02
2.884635370170919935e-02
3.147666931035978527e-02
3.254113531422640759e-02
2.911384276878477631e-02
3.262362621627609705e-02
2.905892896132514572e-02
3.398039562807810693e-02
3.350468037192405601e-02
3.300250286174056386e-02
3.222341893060719220e-02
2.979944909288897298e-02
3.373069044674048556e-02
2.998851959411318741e-02
3.641648302762576922e-02
3.329404350643608290e-02
3.646235300677717894e-02
3.711601522357417526e-02
3.781956780647427463e-02
3.161183350012324034e-02
4.308236326926015436e-02
3.937600497526490273e-02
3.628852612377968245e-02
3.471622350953794400e-02
3.195520357661357780e-02
3.546951182853406992e-02
3.466333486704397532e-02
3.267535159857014315e-02
3.325172247333117032e-02
3.642940500750446037e-02
3.555329816537169951e-02
3.542659423098056676e-02
3.325337469494895476e-02
3.609245412368572437e-02
3.642310264684248816e-02
3.531540090793486297e-02
3.682982595781270768e-02
3.257967585887162898e-02
3.404945250006971569e-02
3.260456012114184426e-02
3.670541226023760206e-02
3.445340764934248790e-02
3.526092693614490958e-02
3.636351934399429525e-02
3.360688983447233241e-02
3.929226820575559137e-02
3.492036988482272869e-02
3.172056951935948305e-02
3.424146384537289645e-02
3.460531009960213233e-02
3.157805985398265403e-02
3.656279455939850237e-02
3.507617291909159024e-02
3.617414835937412393e-02
3.625084936413155295e-02
3.107310221504085493e-02
3.538452595887169039e-02
3.240690162371503286e-02
3.448952273656587242e-02
3.264387789022570735e-02
3.076763328333250239e-02
3.028349626704647871e-02
3.373456008774471104e-02
3.445367224096743120e-02
3.242669637960474138e-02
3.876221238535335067e-02
3.472891035008834199e-02
3.502304520819828765e-02
3.454971092508864888e-02
3.200442100510585836e-02
3.044608216924644950e-02
3.044436954778817137e-02
3.449475445824493058e-02
3.375970769042320463e-02
3.252799031354913079e-02
3.037559786616670157e-02
2.971724951228484762e-02
3.024976697265010020e-02
3.109107430596488864e-02
3.186693182390980955e-02
3.246465212611232554e-02
3.161901548227161185e-02
2.761583571412391802e-02
2.797683625489281317e-02
3.032322453275236238e-02
2.978554353235102897e-02
3.044466308164450394e-02
2.797430452514495028e-02
2.877495646598582368e-02
3.310552252395602274e-02
3.305394523841358873e-02
2.869099197406787746e-02
3.053846248910450228e-02
3.392792615904290099e-02
3.224496247109227137e-02
3.711583084291269347e-02
3.119212946067371345e-02
3.420494106220487579e-02
3.639903645870218307e-02
3.568799425990369645e-02
3.915310062193443075e-02
3.313516706338104356e-02
4.102779814063957364e-02
3.806164650612060829e-02
3.754916142053030259e-02
3.793972082666653700e-02
4.368435714731235681e-02
4.012486327433509303e-02
3.985045145356029550e-02
4.347597528297272862e-02
4.254612014993412739e-02
3.945313944062039946e-02
4.125280123878991706e-02
4.414129411847661499e-02
4.294569156810085220e-02
4.562081283559553391e-02
4.048809828892627888e-02
4.778963600434425057e-02
5.017537165833158008e-02
4.153822333576646236e-02
3.836208951439813719e-02
4.524932393533765557e-02
4.387698442981473324e-02
4.202891175708812349e-02
4.272038488132157835e-02
4.508791104467601424e-02
4.389502292243074172e-02
4.469226329691225463e-02
4.082580848520218908e-02
4.241349983705536980e-02
4.520747974495992194e-02
4.047495816745672742e-02
4.037539445297921165e-02
4.199964949717874263e-02
4.315980146979202237e-02
4.317279072231518244e-02
3.816962051669385569e-02
3.801113312180028070e-02
4.271543847248705783e-02
4.296770793021001400e-02
4.342955139762338240e-02
4.083249536025539833e-02
3.939317870105792790e-02
4.042750290971192095e-02
3.723474404974010110e-02
3.937090462596724849e-02
4.013070647173576366e-02
3.960835984052406972e-02
4.349013117690884306e-02
4.198092253415361408e-02
4.246753219254566225e-02
3.835704490549830120e-02
3.998108666886314444e-02
3.684023014111896532e-02
3.595706852366933187e-02
3.806174985843588376e-02
3.514982587669456676e-02
3.833787315394036194e-02
3.860972972707113482e-02
3.395461887256658734e-02
3.327123374792242960e-02
3.578094899507260757e-02
3.852698511292437095e-02
3.400891370933818714e-02
3.455354146165047491e-02
3.833273718396863761e-02
3.198006373750256204e-02
3.439032917919159632e-02
2.918265672959328982e-02
3.440234771741650793e-02
3.401452317671140729e-02
3.092747451067934250e-02
3.301003622114796754e-02
3.295025331520963496e-02
3.316032012720251942e-02
3.282318089489631718e-02
3.030146887167162531e-02
3.362223988490472409e-02
3.449224609126182173e-02
3.083158690429962587e-02
2.741242105603886384e-02
3.274520596598867739e-02
3.024988467261334121e-02
2.883139895265798835e-02
2.883217969692027441e-02
2.848659212253865439e-02
2.972066338033000146e-02
2.888960555017990040e-02
2.878306651036832003e-02
2.795836543479946271e-02
2.909048289277375160e-02
2.609740493861396199e-02
2.609619685025282854e-02
2.570052046812004373e-02
2.633462132544410125e-02
2.854444552329679988e-02
2.807940093984062635e-02
2.679179531070156536e-02
3.055869560808542607e-02
2.621045078277825166e-02
2.606895849103350871e-02
2.617976481882145628e-02
2.635619294630802897e-02
2.369065433727824202e-02
2.314937824958909415e-02
2.633534783332669785e-02
2.572775841439623595e-02
2.706460223961663566e-02
2.662065589248080455e-02
2.300039315487850330e-02
2.662795647064889262e-02
2.434118781722645689e-02
2.581814034472576166e-02
2.459181692033374916e-02
2.343879681370962878e-02
2.058540773611567190e-02
2.381312311287886452e-02
1.996310383215371687e-02
2.381057543973581075e-02
2.278409852012950806e-02
2.424668135653587978e-02
2.282871603609904279e-02
2.534106659340049778e-02
2.550859755807567339e-02
2.734616807032251920e-02
2.556646924769872403e-02
2.129751659676197562e-02
2.259629715898106572e-02
2.023698419315288557e-02
2.327503487643627425e-02
2.491307841694117078e-02
2.304185789027700035e-02
2.141213217802291624e-02
2.039813627593375922e-02
2.451406448877818667e-02
2.401226596619408446e-02
2.118859255747028783e-02
2.212975507265410591e-02
3.106905460864218399e-02
5.378930034909466112e-02
4.250604439426382969e-02
4.311482495653165548e-02
3.576216707963375541e-02
3.174918534973183298e-02
3.353006715849495695e-02
2.950668328540487217e-02
3.458455354124888997e-02
2.826341087182115616e-02
3.009507301910965479e-02
3.020370010689261628e-02
