1.976010000000000000e+05 7.900000000000000355e+00
1.976020000000000000e+05 7.700000000000000178e+00
1.976030000000000000e+05 7.599999999999999645e+00
1.976040000000000000e+05 7.700000000000000178e+00
1.976050000000000000e+05 7.400000000000000355e+00
1.976060000000000000e+05 7.599999999999999645e+00
1.976070000000000000e+05 7.799999999999999822e+00
1.976080000000000000e+05 7.799999999999999822e+00
1.976090000000000000e+05 7.599999999999999645e+00
1.976100000000000000e+05 7.700000000000000178e+00
1.976110000000000000e+05 7.799999999999999822e+00
1.976120000000000000e+05 7.799999999999999822e+00
1.977010000000000000e+05 7.500000000000000000e+00
1.977020000000000000e+05 7.599999999999999645e+00
1.977030000000000000e+05 7.400000000000000355e+00
1.977040000000000000e+05 7.200000000000000178e+00
1.977050000000000000e+05 7.000000000000000000e+00
1.977060000000000000e+05 7.200000000000000178e+00
1.977070000000000000e+05 6.900000000000000355e+00
1.977080000000000000e+05 7.000000000000000000e+00
1.977090000000000000e+05 6.799999999999999822e+00
1.977100000000000000e+05 6.799999999999999822e+00
1.977110000000000000e+05 6.799999999999999822e+00
1.977120000000000000e+05 6.400000000000000355e+00
1.978010000000000000e+05 6.400000000000000355e+00
1.978020000000000000e+05 6.299999999999999822e+00
1.978030000000000000e+05 6.299999999999999822e+00
1.978040000000000000e+05 6.099999999999999645e+00
1.978050000000000000e+05 6.000000000000000000e+00
1.978060000000000000e+05 5.900000000000000355e+00
1.978070000000000000e+05 6.200000000000000178e+00
1.978080000000000000e+05 5.900000000000000355e+00
1.978090000000000000e+05 6.000000000000000000e+00
1.978100000000000000e+05 5.799999999999999822e+00
1.978110000000000000e+05 5.900000000000000355e+00
1.978120000000000000e+05 6.000000000000000000e+00
1.979010000000000000e+05 5.900000000000000355e+00
1.979020000000000000e+05 5.900000000000000355e+00
1.979030000000000000e+05 5.799999999999999822e+00
1.979040000000000000e+05 5.799999999999999822e+00
1.979050000000000000e+05 5.599999999999999645e+00
1.979060000000000000e+05 5.700000000000000178e+00
1.979070000000000000e+05 5.700000000000000178e+00
1.979080000000000000e+05 6.000000000000000000e+00
1.979090000000000000e+05 5.900000000000000355e+00
1.979100000000000000e+05 6.000000000000000000e+00
1.979110000000000000e+05 5.900000000000000355e+00
1.979120000000000000e+05 6.000000000000000000e+00
1.980010000000000000e+05 6.299999999999999822e+00
1.980020000000000000e+05 6.299999999999999822e+00
1.980030000000000000e+05 6.299999999999999822e+00
1.980040000000000000e+05 6.900000000000000355e+00
1.980050000000000000e+05 7.500000000000000000e+00
1.980060000000000000e+05 7.599999999999999645e+00
1.980070000000000000e+05 7.799999999999999822e+00
1.980080000000000000e+05 7.700000000000000178e+00
1.980090000000000000e+05 7.500000000000000000e+00
1.980100000000000000e+05 7.500000000000000000e+00
1.980110000000000000e+05 7.500000000000000000e+00
1.980120000000000000e+05 7.200000000000000178e+00
1.981010000000000000e+05 7.500000000000000000e+00
1.981020000000000000e+05 7.400000000000000355e+00
1.981030000000000000e+05 7.400000000000000355e+00
1.981040000000000000e+05 7.200000000000000178e+00
1.981050000000000000e+05 7.500000000000000000e+00
1.981060000000000000e+05 7.500000000000000000e+00
1.981070000000000000e+05 7.200000000000000178e+00
1.981080000000000000e+05 7.400000000000000355e+00
1.981090000000000000e+05 7.599999999999999645e+00
1.981100000000000000e+05 7.900000000000000355e+00
1.981110000000000000e+05 8.300000000000000711e+00
1.981120000000000000e+05 8.500000000000000000e+00
1.982010000000000000e+05 8.599999999999999645e+00
1.982020000000000000e+05 8.900000000000000355e+00
1.982030000000000000e+05 9.000000000000000000e+00
1.982040000000000000e+05 9.300000000000000711e+00
1.982050000000000000e+05 9.400000000000000355e+00
1.982060000000000000e+05 9.599999999999999645e+00
1.982070000000000000e+05 9.800000000000000711e+00
1.982080000000000000e+05 9.800000000000000711e+00
1.982090000000000000e+05 1.009999999999999964e+01
1.982100000000000000e+05 1.040000000000000036e+01
1.982110000000000000e+05 1.080000000000000071e+01
1.982120000000000000e+05 1.080000000000000071e+01
1.983010000000000000e+05 1.040000000000000036e+01
1.983020000000000000e+05 1.040000000000000036e+01
1.983030000000000000e+05 1.030000000000000071e+01
1.983040000000000000e+05 1.019999999999999929e+01
1.983050000000000000e+05 1.009999999999999964e+01
1.983060000000000000e+05 1.009999999999999964e+01
1.983070000000000000e+05 9.400000000000000355e+00
1.983080000000000000e+05 9.500000000000000000e+00
1.983090000000000000e+05 9.199999999999999289e+00
1.983100000000000000e+05 8.800000000000000711e+00
1.983110000000000000e+05 8.500000000000000000e+00
1.983120000000000000e+05 8.300000000000000711e+00
1.984010000000000000e+05 8.000000000000000000e+00
1.984020000000000000e+05 7.799999999999999822e+00
1.984030000000000000e+05 7.799999999999999822e+00
1.984040000000000000e+05 7.700000000000000178e+00
1.984050000000000000e+05 7.400000000000000355e+00
1.984060000000000000e+05 7.200000000000000178e+00
1.984070000000000000e+05 7.500000000000000000e+00
1.984080000000000000e+05 7.500000000000000000e+00
1.984090000000000000e+05 7.299999999999999822e+00
1.984100000000000000e+05 7.400000000000000355e+00
1.984110000000000000e+05 7.200000000000000178e+00
1.984120000000000000e+05 7.299999999999999822e+00
1.985010000000000000e+05 7.299999999999999822e+00
1.985020000000000000e+05 7.200000000000000178e+00
1.985030000000000000e+05 7.200000000000000178e+00
1.985040000000000000e+05 7.299999999999999822e+00
1.985050000000000000e+05 7.200000000000000178e+00
1.985060000000000000e+05 7.400000000000000355e+00
1.985070000000000000e+05 7.400000000000000355e+00
1.985080000000000000e+05 7.099999999999999645e+00
1.985090000000000000e+05 7.099999999999999645e+00
1.985100000000000000e+05 7.099999999999999645e+00
1.985110000000000000e+05 7.000000000000000000e+00
1.985120000000000000e+05 7.000000000000000000e+00
1.986010000000000000e+05 6.700000000000000178e+00
1.986020000000000000e+05 7.200000000000000178e+00
1.986030000000000000e+05 7.200000000000000178e+00
1.986040000000000000e+05 7.099999999999999645e+00
1.986050000000000000e+05 7.200000000000000178e+00
1.986060000000000000e+05 7.200000000000000178e+00
1.986070000000000000e+05 7.000000000000000000e+00
1.986080000000000000e+05 6.900000000000000355e+00
1.986090000000000000e+05 7.000000000000000000e+00
1.986100000000000000e+05 7.000000000000000000e+00
1.986110000000000000e+05 6.900000000000000355e+00
1.986120000000000000e+05 6.599999999999999645e+00
1.987010000000000000e+05 6.599999999999999645e+00
1.987020000000000000e+05 6.599999999999999645e+00
1.987030000000000000e+05 6.599999999999999645e+00
1.987040000000000000e+05 6.299999999999999822e+00
1.987050000000000000e+05 6.299999999999999822e+00
1.987060000000000000e+05 6.200000000000000178e+00
1.987070000000000000e+05 6.099999999999999645e+00
1.987080000000000000e+05 6.000000000000000000e+00
1.987090000000000000e+05 5.900000000000000355e+00
1.987100000000000000e+05 6.000000000000000000e+00
1.987110000000000000e+05 5.799999999999999822e+00
1.987120000000000000e+05 5.700000000000000178e+00
1.988010000000000000e+05 5.700000000000000178e+00
1.988020000000000000e+05 5.700000000000000178e+00
1.988030000000000000e+05 5.700000000000000178e+00
1.988040000000000000e+05 5.400000000000000355e+00
1.988050000000000000e+05 5.599999999999999645e+00
1.988060000000000000e+05 5.400000000000000355e+00
1.988070000000000000e+05 5.400000000000000355e+00
1.988080000000000000e+05 5.599999999999999645e+00
1.988090000000000000e+05 5.400000000000000355e+00
1.988100000000000000e+05 5.400000000000000355e+00
1.988110000000000000e+05 5.299999999999999822e+00
1.988120000000000000e+05 5.299999999999999822e+00
1.989010000000000000e+05 5.400000000000000355e+00
1.989020000000000000e+05 5.200000000000000178e+00
1.989030000000000000e+05 5.000000000000000000e+00
1.989040000000000000e+05 5.200000000000000178e+00
1.989050000000000000e+05 5.200000000000000178e+00
1.989060000000000000e+05 5.299999999999999822e+00
1.989070000000000000e+05 5.200000000000000178e+00
1.989080000000000000e+05 5.200000000000000178e+00
1.989090000000000000e+05 5.299999999999999822e+00
1.989100000000000000e+05 5.299999999999999822e+00
1.989110000000000000e+05 5.400000000000000355e+00
1.989120000000000000e+05 5.400000000000000355e+00
1.990010000000000000e+05 5.400000000000000355e+00
1.990020000000000000e+05 5.299999999999999822e+00
1.990030000000000000e+05 5.200000000000000178e+00
1.990040000000000000e+05 5.400000000000000355e+00
1.990050000000000000e+05 5.400000000000000355e+00
1.990060000000000000e+05 5.200000000000000178e+00
1.990070000000000000e+05 5.500000000000000000e+00
1.990080000000000000e+05 5.700000000000000178e+00
1.990090000000000000e+05 5.900000000000000355e+00
1.990100000000000000e+05 5.900000000000000355e+00
1.990110000000000000e+05 6.200000000000000178e+00
1.990120000000000000e+05 6.299999999999999822e+00
1.991010000000000000e+05 6.400000000000000355e+00
1.991020000000000000e+05 6.599999999999999645e+00
1.991030000000000000e+05 6.799999999999999822e+00
1.991040000000000000e+05 6.700000000000000178e+00
1.991050000000000000e+05 6.900000000000000355e+00
1.991060000000000000e+05 6.900000000000000355e+00
1.991070000000000000e+05 6.799999999999999822e+00
1.991080000000000000e+05 6.900000000000000355e+00
1.991090000000000000e+05 6.900000000000000355e+00
1.991100000000000000e+05 7.000000000000000000e+00
1.991110000000000000e+05 7.000000000000000000e+00
1.991120000000000000e+05 7.299999999999999822e+00
1.992010000000000000e+05 7.299999999999999822e+00
1.992020000000000000e+05 7.400000000000000355e+00
1.992030000000000000e+05 7.400000000000000355e+00
1.992040000000000000e+05 7.400000000000000355e+00
1.992050000000000000e+05 7.599999999999999645e+00
1.992060000000000000e+05 7.799999999999999822e+00
1.992070000000000000e+05 7.700000000000000178e+00
1.992080000000000000e+05 7.599999999999999645e+00
1.992090000000000000e+05 7.599999999999999645e+00
1.992100000000000000e+05 7.299999999999999822e+00
1.992110000000000000e+05 7.400000000000000355e+00
1.992120000000000000e+05 7.400000000000000355e+00
1.993010000000000000e+05 7.299999999999999822e+00
1.993020000000000000e+05 7.099999999999999645e+00
1.993030000000000000e+05 7.000000000000000000e+00
1.993040000000000000e+05 7.099999999999999645e+00
1.993050000000000000e+05 7.099999999999999645e+00
1.993060000000000000e+05 7.000000000000000000e+00
1.993070000000000000e+05 6.900000000000000355e+00
1.993080000000000000e+05 6.799999999999999822e+00
1.993090000000000000e+05 6.700000000000000178e+00
1.993100000000000000e+05 6.799999999999999822e+00
1.993110000000000000e+05 6.599999999999999645e+00
1.993120000000000000e+05 6.500000000000000000e+00
1.994010000000000000e+05 6.599999999999999645e+00
1.994020000000000000e+05 6.599999999999999645e+00
1.994030000000000000e+05 6.500000000000000000e+00
1.994040000000000000e+05 6.400000000000000355e+00
1.994050000000000000e+05 6.099999999999999645e+00
1.994060000000000000e+05 6.099999999999999645e+00
1.994070000000000000e+05 6.099999999999999645e+00
1.994080000000000000e+05 6.000000000000000000e+00
1.994090000000000000e+05 5.900000000000000355e+00
1.994100000000000000e+05 5.799999999999999822e+00
1.994110000000000000e+05 5.599999999999999645e+00
1.994120000000000000e+05 5.500000000000000000e+00
1.995010000000000000e+05 5.599999999999999645e+00
1.995020000000000000e+05 5.400000000000000355e+00
1.995030000000000000e+05 5.400000000000000355e+00
1.995040000000000000e+05 5.799999999999999822e+00
1.995050000000000000e+05 5.599999999999999645e+00
1.995060000000000000e+05 5.599999999999999645e+00
1.995070000000000000e+05 5.700000000000000178e+00
1.995080000000000000e+05 5.700000000000000178e+00
1.995090000000000000e+05 5.599999999999999645e+00
1.995100000000000000e+05 5.500000000000000000e+00
1.995110000000000000e+05 5.599999999999999645e+00
1.995120000000000000e+05 5.599999999999999645e+00
1.996010000000000000e+05 5.599999999999999645e+00
1.996020000000000000e+05 5.500000000000000000e+00
1.996030000000000000e+05 5.500000000000000000e+00
1.996040000000000000e+05 5.599999999999999645e+00
1.996050000000000000e+05 5.599999999999999645e+00
1.996060000000000000e+05 5.299999999999999822e+00
1.996070000000000000e+05 5.500000000000000000e+00
1.996080000000000000e+05 5.099999999999999645e+00
1.996090000000000000e+05 5.200000000000000178e+00
1.996100000000000000e+05 5.200000000000000178e+00
1.996110000000000000e+05 5.400000000000000355e+00
1.996120000000000000e+05 5.400000000000000355e+00
1.997010000000000000e+05 5.299999999999999822e+00
1.997020000000000000e+05 5.200000000000000178e+00
1.997030000000000000e+05 5.200000000000000178e+00
1.997040000000000000e+05 5.099999999999999645e+00
1.997050000000000000e+05 4.900000000000000355e+00
1.997060000000000000e+05 5.000000000000000000e+00
1.997070000000000000e+05 4.900000000000000355e+00
1.997080000000000000e+05 4.799999999999999822e+00
1.997090000000000000e+05 4.900000000000000355e+00
1.997100000000000000e+05 4.700000000000000178e+00
1.997110000000000000e+05 4.599999999999999645e+00
1.997120000000000000e+05 4.700000000000000178e+00
1.998010000000000000e+05 4.599999999999999645e+00
1.998020000000000000e+05 4.599999999999999645e+00
1.998030000000000000e+05 4.700000000000000178e+00
1.998040000000000000e+05 4.299999999999999822e+00
1.998050000000000000e+05 4.400000000000000355e+00
1.998060000000000000e+05 4.500000000000000000e+00
1.998070000000000000e+05 4.500000000000000000e+00
1.998080000000000000e+05 4.500000000000000000e+00
1.998090000000000000e+05 4.599999999999999645e+00
1.998100000000000000e+05 4.500000000000000000e+00
1.998110000000000000e+05 4.400000000000000355e+00
1.998120000000000000e+05 4.400000000000000355e+00
1.999010000000000000e+05 4.299999999999999822e+00
1.999020000000000000e+05 4.400000000000000355e+00
1.999030000000000000e+05 4.200000000000000178e+00
1.999040000000000000e+05 4.299999999999999822e+00
1.999050000000000000e+05 4.200000000000000178e+00
1.999060000000000000e+05 4.299999999999999822e+00
1.999070000000000000e+05 4.299999999999999822e+00
1.999080000000000000e+05 4.200000000000000178e+00
1.999090000000000000e+05 4.200000000000000178e+00
1.999100000000000000e+05 4.099999999999999645e+00
1.999110000000000000e+05 4.099999999999999645e+00
1.999120000000000000e+05 4.000000000000000000e+00
2.000010000000000000e+05 4.000000000000000000e+00
2.000020000000000000e+05 4.099999999999999645e+00
2.000030000000000000e+05 4.000000000000000000e+00
2.000040000000000000e+05 3.799999999999999822e+00
2.000050000000000000e+05 4.000000000000000000e+00
2.000060000000000000e+05 4.000000000000000000e+00
2.000070000000000000e+05 4.000000000000000000e+00
2.000080000000000000e+05 4.099999999999999645e+00
2.000090000000000000e+05 3.899999999999999911e+00
2.000100000000000000e+05 3.899999999999999911e+00
2.000110000000000000e+05 3.899999999999999911e+00
2.000120000000000000e+05 3.899999999999999911e+00
2.001010000000000000e+05 4.200000000000000178e+00
2.001020000000000000e+05 4.200000000000000178e+00
2.001030000000000000e+05 4.299999999999999822e+00
2.001040000000000000e+05 4.400000000000000355e+00
2.001050000000000000e+05 4.299999999999999822e+00
2.001060000000000000e+05 4.500000000000000000e+00
2.001070000000000000e+05 4.599999999999999645e+00
2.001080000000000000e+05 4.900000000000000355e+00
2.001090000000000000e+05 5.000000000000000000e+00
2.001100000000000000e+05 5.299999999999999822e+00
2.001110000000000000e+05 5.500000000000000000e+00
2.001120000000000000e+05 5.700000000000000178e+00
2.002010000000000000e+05 5.700000000000000178e+00
2.002020000000000000e+05 5.700000000000000178e+00
2.002030000000000000e+05 5.700000000000000178e+00
2.002040000000000000e+05 5.900000000000000355e+00
2.002050000000000000e+05 5.799999999999999822e+00
2.002060000000000000e+05 5.799999999999999822e+00
2.002070000000000000e+05 5.799999999999999822e+00
2.002080000000000000e+05 5.700000000000000178e+00
2.002090000000000000e+05 5.700000000000000178e+00
2.002100000000000000e+05 5.700000000000000178e+00
2.002110000000000000e+05 5.900000000000000355e+00
2.002120000000000000e+05 6.000000000000000000e+00
2.003010000000000000e+05 5.799999999999999822e+00
2.003020000000000000e+05 5.900000000000000355e+00
2.003030000000000000e+05 5.900000000000000355e+00
2.003040000000000000e+05 6.000000000000000000e+00
2.003050000000000000e+05 6.099999999999999645e+00
2.003060000000000000e+05 6.299999999999999822e+00
2.003070000000000000e+05 6.200000000000000178e+00
2.003080000000000000e+05 6.099999999999999645e+00
2.003090000000000000e+05 6.099999999999999645e+00
2.003100000000000000e+05 6.000000000000000000e+00
2.003110000000000000e+05 5.799999999999999822e+00
2.003120000000000000e+05 5.700000000000000178e+00
2.004010000000000000e+05 5.700000000000000178e+00
2.004020000000000000e+05 5.599999999999999645e+00
2.004030000000000000e+05 5.799999999999999822e+00
2.004040000000000000e+05 5.599999999999999645e+00
2.004050000000000000e+05 5.599999999999999645e+00
2.004060000000000000e+05 5.599999999999999645e+00
2.004070000000000000e+05 5.500000000000000000e+00
2.004080000000000000e+05 5.400000000000000355e+00
2.004090000000000000e+05 5.400000000000000355e+00
2.004100000000000000e+05 5.500000000000000000e+00
2.004110000000000000e+05 5.400000000000000355e+00
2.004120000000000000e+05 5.400000000000000355e+00
2.005010000000000000e+05 5.299999999999999822e+00
2.005020000000000000e+05 5.400000000000000355e+00
2.005030000000000000e+05 5.200000000000000178e+00
2.005040000000000000e+05 5.200000000000000178e+00
2.005050000000000000e+05 5.099999999999999645e+00
2.005060000000000000e+05 5.000000000000000000e+00
2.005070000000000000e+05 5.000000000000000000e+00
2.005080000000000000e+05 4.900000000000000355e+00
2.005090000000000000e+05 5.000000000000000000e+00
2.005100000000000000e+05 5.000000000000000000e+00
2.005110000000000000e+05 5.000000000000000000e+00
2.005120000000000000e+05 4.900000000000000355e+00
2.006010000000000000e+05 4.700000000000000178e+00
2.006020000000000000e+05 4.799999999999999822e+00
2.006030000000000000e+05 4.700000000000000178e+00
2.006040000000000000e+05 4.700000000000000178e+00
2.006050000000000000e+05 4.599999999999999645e+00
2.006060000000000000e+05 4.599999999999999645e+00
2.006070000000000000e+05 4.700000000000000178e+00
2.006080000000000000e+05 4.700000000000000178e+00
2.006090000000000000e+05 4.500000000000000000e+00
2.006100000000000000e+05 4.400000000000000355e+00
2.006110000000000000e+05 4.500000000000000000e+00
2.006120000000000000e+05 4.400000000000000355e+00
2.007010000000000000e+05 4.599999999999999645e+00
2.007020000000000000e+05 4.500000000000000000e+00
2.007030000000000000e+05 4.400000000000000355e+00
2.007040000000000000e+05 4.500000000000000000e+00
2.007050000000000000e+05 4.400000000000000355e+00
2.007060000000000000e+05 4.599999999999999645e+00
2.007070000000000000e+05 4.700000000000000178e+00
2.007080000000000000e+05 4.599999999999999645e+00
2.007090000000000000e+05 4.700000000000000178e+00
2.007100000000000000e+05 4.700000000000000178e+00
2.007110000000000000e+05 4.700000000000000178e+00
2.007120000000000000e+05 5.000000000000000000e+00
2.008010000000000000e+05 5.000000000000000000e+00
2.008020000000000000e+05 4.900000000000000355e+00
2.008030000000000000e+05 5.099999999999999645e+00
2.008040000000000000e+05 5.000000000000000000e+00
2.008050000000000000e+05 5.400000000000000355e+00
2.008060000000000000e+05 5.599999999999999645e+00
2.008070000000000000e+05 5.799999999999999822e+00
2.008080000000000000e+05 6.099999999999999645e+00
2.008090000000000000e+05 6.099999999999999645e+00
2.008100000000000000e+05 6.500000000000000000e+00
2.008110000000000000e+05 6.799999999999999822e+00
2.008120000000000000e+05 7.299999999999999822e+00
2.009010000000000000e+05 7.799999999999999822e+00
2.009020000000000000e+05 8.300000000000000711e+00
2.009030000000000000e+05 8.699999999999999289e+00
2.009040000000000000e+05 9.000000000000000000e+00
2.009050000000000000e+05 9.400000000000000355e+00
2.009060000000000000e+05 9.500000000000000000e+00
2.009070000000000000e+05 9.500000000000000000e+00
2.009080000000000000e+05 9.599999999999999645e+00
2.009090000000000000e+05 9.800000000000000711e+00
2.009100000000000000e+05 1.000000000000000000e+01
2.009110000000000000e+05 9.900000000000000355e+00
2.009120000000000000e+05 9.900000000000000355e+00
2.010010000000000000e+05 9.800000000000000711e+00
2.010020000000000000e+05 9.800000000000000711e+00
2.010030000000000000e+05 9.900000000000000355e+00
2.010040000000000000e+05 9.900000000000000355e+00
2.010050000000000000e+05 9.599999999999999645e+00
2.010060000000000000e+05 9.400000000000000355e+00
2.010070000000000000e+05 9.400000000000000355e+00
2.010080000000000000e+05 9.500000000000000000e+00
2.010090000000000000e+05 9.500000000000000000e+00
2.010100000000000000e+05 9.400000000000000355e+00
2.010110000000000000e+05 9.800000000000000711e+00
2.010120000000000000e+05 9.300000000000000711e+00
2.011010000000000000e+05 9.099999999999999645e+00
2.011020000000000000e+05 9.000000000000000000e+00
2.011030000000000000e+05 9.000000000000000000e+00
2.011040000000000000e+05 9.099999999999999645e+00
2.011050000000000000e+05 9.000000000000000000e+00
2.011060000000000000e+05 9.099999999999999645e+00
2.011070000000000000e+05 9.000000000000000000e+00
2.011080000000000000e+05 9.000000000000000000e+00
2.011090000000000000e+05 9.000000000000000000e+00
2.011100000000000000e+05 8.800000000000000711e+00
2.011110000000000000e+05 8.599999999999999645e+00
2.011120000000000000e+05 8.500000000000000000e+00
2.012010000000000000e+05 8.300000000000000711e+00
2.012020000000000000e+05 8.300000000000000711e+00
2.012030000000000000e+05 8.199999999999999289e+00
2.012040000000000000e+05 8.199999999999999289e+00
2.012050000000000000e+05 8.199999999999999289e+00
2.012060000000000000e+05 8.199999999999999289e+00
2.012070000000000000e+05 8.199999999999999289e+00
2.012080000000000000e+05 8.099999999999999645e+00
2.012090000000000000e+05 7.799999999999999822e+00
2.012100000000000000e+05 7.799999999999999822e+00
2.012110000000000000e+05 7.700000000000000178e+00
2.012120000000000000e+05 7.900000000000000355e+00
2.013010000000000000e+05 8.000000000000000000e+00
2.013020000000000000e+05 7.700000000000000178e+00
2.013030000000000000e+05 7.500000000000000000e+00
2.013040000000000000e+05 7.599999999999999645e+00
2.013050000000000000e+05 7.500000000000000000e+00
2.013060000000000000e+05 7.500000000000000000e+00
2.013070000000000000e+05 7.299999999999999822e+00
2.013080000000000000e+05 7.200000000000000178e+00
2.013090000000000000e+05 7.200000000000000178e+00
2.013100000000000000e+05 7.200000000000000178e+00
2.013110000000000000e+05 6.900000000000000355e+00
2.013120000000000000e+05 6.700000000000000178e+00
2.014010000000000000e+05 6.599999999999999645e+00
2.014020000000000000e+05 6.700000000000000178e+00
2.014030000000000000e+05 6.700000000000000178e+00
2.014040000000000000e+05 6.200000000000000178e+00
2.014050000000000000e+05 6.299999999999999822e+00
2.014060000000000000e+05 6.099999999999999645e+00
2.014070000000000000e+05 6.200000000000000178e+00
2.014080000000000000e+05 6.099999999999999645e+00
2.014090000000000000e+05 5.900000000000000355e+00
2.014100000000000000e+05 5.700000000000000178e+00
2.014110000000000000e+05 5.799999999999999822e+00
2.014120000000000000e+05 5.599999999999999645e+00
2.015010000000000000e+05 5.700000000000000178e+00
2.015020000000000000e+05 5.500000000000000000e+00
2.015030000000000000e+05 5.400000000000000355e+00
2.015040000000000000e+05 5.400000000000000355e+00
2.015050000000000000e+05 5.599999999999999645e+00
2.015060000000000000e+05 5.299999999999999822e+00
2.015070000000000000e+05 5.200000000000000178e+00
2.015080000000000000e+05 5.099999999999999645e+00
2.015090000000000000e+05 5.000000000000000000e+00
2.015100000000000000e+05 5.000000000000000000e+00
2.015110000000000000e+05 5.099999999999999645e+00
2.015120000000000000e+05 5.000000000000000000e+00
2.016010000000000000e+05 4.799999999999999822e+00
2.016020000000000000e+05 4.900000000000000355e+00
2.016030000000000000e+05 5.000000000000000000e+00
2.016040000000000000e+05 5.099999999999999645e+00
2.016050000000000000e+05 4.799999999999999822e+00
2.016060000000000000e+05 4.900000000000000355e+00
2.016070000000000000e+05 4.799999999999999822e+00
2.016080000000000000e+05 4.900000000000000355e+00
2.016090000000000000e+05 5.000000000000000000e+00
2.016100000000000000e+05 4.900000000000000355e+00
2.016110000000000000e+05 4.700000000000000178e+00
2.016120000000000000e+05 4.700000000000000178e+00
2.017010000000000000e+05 4.700000000000000178e+00
2.017020000000000000e+05 4.599999999999999645e+00
2.017030000000000000e+05 4.400000000000000355e+00
2.017040000000000000e+05 4.500000000000000000e+00
2.017050000000000000e+05 4.400000000000000355e+00
2.017060000000000000e+05 4.299999999999999822e+00
2.017070000000000000e+05 4.299999999999999822e+00
2.017080000000000000e+05 4.400000000000000355e+00
2.017090000000000000e+05 4.200000000000000178e+00
2.017100000000000000e+05 4.099999999999999645e+00
2.017110000000000000e+05 4.200000000000000178e+00
2.017120000000000000e+05 4.099999999999999645e+00
2.018010000000000000e+05 4.000000000000000000e+00
2.018020000000000000e+05 4.099999999999999645e+00
2.018030000000000000e+05 4.000000000000000000e+00
2.018040000000000000e+05 4.000000000000000000e+00
2.018050000000000000e+05 3.799999999999999822e+00
2.018060000000000000e+05 4.000000000000000000e+00
2.018070000000000000e+05 3.799999999999999822e+00
2.018080000000000000e+05 3.799999999999999822e+00
2.018090000000000000e+05 3.700000000000000178e+00
2.018100000000000000e+05 3.799999999999999822e+00
2.018110000000000000e+05 3.799999999999999822e+00
2.018120000000000000e+05 3.899999999999999911e+00
2.019010000000000000e+05 4.000000000000000000e+00
2.019020000000000000e+05 3.799999999999999822e+00
2.019030000000000000e+05 3.799999999999999822e+00
2.019040000000000000e+05 3.700000000000000178e+00
2.019050000000000000e+05 3.700000000000000178e+00
2.019060000000000000e+05 3.600000000000000089e+00
2.019070000000000000e+05 3.600000000000000089e+00
2.019080000000000000e+05 3.700000000000000178e+00
2.019090000000000000e+05 3.500000000000000000e+00
2.019100000000000000e+05 3.600000000000000089e+00
2.019110000000000000e+05 3.600000000000000089e+00
2.019120000000000000e+05 3.600000000000000089e+00
2.020010000000000000e+05 3.500000000000000000e+00
2.020020000000000000e+05 3.500000000000000000e+00
2.020030000000000000e+05 4.400000000000000355e+00
2.020040000000000000e+05 1.480000000000000071e+01
2.020050000000000000e+05 1.330000000000000071e+01
2.020060000000000000e+05 1.109999999999999964e+01
2.020070000000000000e+05 1.019999999999999929e+01
2.020080000000000000e+05 8.400000000000000355e+00
2.020090000000000000e+05 7.799999999999999822e+00
2.020100000000000000e+05 6.900000000000000355e+00
2.020110000000000000e+05 6.700000000000000178e+00
2.020120000000000000e+05 6.700000000000000178e+00
2.021010000000000000e+05 6.299999999999999822e+00
2.021020000000000000e+05 6.200000000000000178e+00
