2.974138890921717016e-01
3.180515469750677116e-01
3.453904474661014801e-01
3.203426085527645295e-01
3.042168342713663098e-01
4.074192001088440818e-01
3.153528716662759024e-01
3.494304021482856903e-01
3.358786934041292360e-01
3.055408302385070884e-01
3.345892627977133937e-01
2.900837371182178881e-01
3.048184968268219941e-01
3.715227897402598733e-01
3.891629164600347579e-01
3.457018927669339159e-01
3.745009215622586152e-01
4.021492723628519173e-01
3.605396691017917488e-01
3.888828637646769559e-01
3.719540209305901013e-01
3.282576864027502705e-01
4.106362109823867845e-01
4.097860945316423864e-01
4.089359780808979328e-01
3.578871808555166290e-01
4.216580450075790298e-01
3.928672995409960289e-01
4.555266447831762266e-01
3.874447624547015523e-01
3.953791637172131557e-01
4.658944482338420734e-01
4.373076591352003661e-01
4.360619765962863159e-01
3.189215257184284114e-01
3.659498407022798716e-01
4.066669477405800981e-01
3.941784656825525479e-01
3.767196894670300500e-01
4.431685542882065065e-01
4.724185373003840227e-01
4.518376860028658348e-01
3.922149361040673243e-01
4.329148349916665528e-01
4.061675530095805731e-01
4.382967296121493272e-01
3.593930269872546157e-01
3.242672459948802710e-01
4.026177188947527297e-01
3.463818899612595703e-01
3.398730299409438715e-01
3.861001988658911976e-01
3.435051448868605695e-01
3.582350914510109008e-01
3.711767898673183352e-01
3.569088957754058544e-01
3.810562151349339288e-01
3.351232496821668905e-01
3.502388274929071343e-01
3.009988116279702641e-01
3.032322479080883926e-01
3.364233105644057198e-01
3.733691983681882709e-01
3.146778840663998489e-01
3.375537934304604359e-01
3.936058430647111361e-01
3.089931154411587610e-01
3.201703347130266941e-01
3.649041603951158064e-01
3.116159356129945546e-01
3.071051637273277679e-01
2.838096691911320413e-01
2.756918946325032094e-01
2.877536036936338415e-01
2.878669446061102866e-01
2.834419166523120537e-01
2.650008573648586774e-01
3.011698668158939163e-01
2.619458736573148649e-01
2.745653540739381726e-01
2.532448780252157250e-01
2.167727144292304065e-01
2.603930620565799714e-01
2.319797723044811633e-01
2.242461839913691690e-01
2.393051495072709700e-01
2.570144440222244531e-01
2.507478707146806873e-01
2.898397884349562248e-01
2.944506370608185319e-01
2.787682560437244050e-01
3.044289659609050736e-01
2.724945876753008811e-01
2.961636555712111041e-01
2.992026251461059050e-01
2.939802879750667564e-01
3.259888066800365469e-01
3.057513109290502795e-01
3.030406297301301843e-01
3.109918586979297239e-01
3.730808849828280982e-01
3.444244493299470355e-01
3.536989526104973303e-01
3.062817316498684383e-01
3.372297507440624176e-01
3.481910622175963255e-01
2.853583184620239188e-01
3.173547935006200138e-01
3.677710438607729726e-01
3.592154933559563168e-01
3.291565070562661455e-01
3.712170023593416857e-01
3.383397090707070398e-01
3.483510197162807409e-01
3.583623303618544420e-01
3.460417485119359204e-01
3.527773951785108109e-01
3.595130418450857568e-01
2.997285816390559687e-01
3.925249051696447222e-01
3.127078414847897503e-01
3.443682787416994517e-01
3.282199597869177032e-01
3.534327102416980337e-01
3.434540942622953952e-01
3.380431252437922085e-01
3.604148695051500040e-01
3.116266475780554712e-01
3.603485601599054067e-01
3.450062919649957704e-01
3.730650830091139514e-01
3.595359057493857091e-01
3.294859802750830235e-01
3.510347718444229437e-01
3.969017352775919827e-01
3.684464293962602666e-01
3.727414315818333712e-01
4.380346606623123362e-01
3.393318446055898496e-01
3.733265721196844522e-01
4.042266347465762188e-01
3.597329927303645203e-01
4.114091352616588981e-01
3.624233760369654500e-01
3.737284165623108168e-01
3.704614662246509260e-01
4.552602699368967776e-01
3.836254320258195016e-01
4.509397636742138449e-01
4.231454619961732000e-01
3.813049120747325493e-01
4.362175976435900826e-01
3.839522946618572630e-01
3.545570901853842272e-01
4.056210059836379833e-01
3.646384583465448470e-01
4.494928528448075555e-01
4.313438727131688188e-01
3.775704108855257868e-01
4.218874095358655096e-01
4.714729583221739517e-01
4.054892032171173999e-01
3.932913652116983849e-01
4.667538635711424022e-01
4.030744450635907472e-01
4.768884340155207235e-01
3.843443168681641153e-01
4.019425694413645278e-01
5.016117467553548037e-01
4.072843030712223200e-01
3.548403586441517543e-01
3.751707858784791849e-01
4.631616397326792645e-01
3.787766053237157649e-01
4.244577656275500543e-01
3.182409484371150343e-01
3.814991051154599799e-01
4.103458367789369343e-01
3.246761541435856380e-01
3.224355657309033729e-01
3.754912073877999523e-01
3.336278836033913509e-01
3.427994740246617100e-01
3.594778233695299363e-01
3.246896897749329547e-01
3.085455349259900726e-01
3.696722131443290760e-01
3.307703739728187209e-01
3.285191887524295806e-01
3.452339351659173827e-01
2.730692082041445423e-01
3.537120439885217960e-01
2.674548418448952636e-01
2.829896502640733003e-01
3.206404199612515882e-01
2.940245026817815410e-01
2.797427875689402210e-01
3.459425489914318974e-01
2.784360941871049655e-01
2.827810977651862845e-01
3.479639526258584969e-01
3.043357141175368485e-01
3.180106897319673886e-01
2.800469892944796313e-01
2.827524222250377139e-01
3.042412763426852185e-01
3.393938690851159845e-01
3.080686148746055730e-01
2.781013832752626258e-01
3.807693184217403326e-01
2.953710456407432905e-01
3.247464761176971360e-01
3.092356423032963098e-01
3.069303267132285074e-01
3.527698434588262266e-01
3.468919726191809216e-01
3.410141017795356166e-01
3.554907028881195141e-01
3.760998698857254685e-01
3.808834470164902952e-01
3.829378570051386044e-01
3.837635788622866251e-01
3.595579953195511824e-01
3.900207987856900149e-01
3.547909246030130914e-01
3.631537002107373957e-01
4.459512378155461310e-01
4.007672991853196698e-01
4.303438872870382070e-01
3.984902250753576403e-01
3.636201234511012292e-01
3.695733918006814944e-01
3.695733918006814944e-01
3.695733918006814944e-01
3.695733918006814944e-01
3.858525008403785317e-01
4.021316098800755690e-01
4.198406051983777365e-01
3.498909434881166125e-01
3.857964563554815984e-01
4.225178480385963775e-01
3.779213964628608813e-01
3.333697760774767538e-01
4.270185270295154267e-01
3.559446475450325775e-01
3.846450447873622225e-01
4.336435735092095678e-01
3.770893469209277149e-01
4.046256241137748400e-01
4.384365348786145034e-01
3.634478619989274795e-01
4.476519926695472495e-01
4.048670216191759264e-01
3.987183378157281299e-01
3.684909964960655926e-01
4.925909458552517606e-01
4.068800528809593531e-01
4.258911228520974590e-01
4.109779524208795887e-01
3.490179109483939057e-01
4.816678037519077082e-01
4.140250722076050383e-01
4.640660186966759082e-01
4.321714732038103857e-01
4.356857166293452988e-01
4.272937231343887365e-01
5.013763462747803379e-01
4.284989662708988400e-01
4.387377410980511372e-01
4.888206083860316964e-01
4.151793653333513134e-01
4.051101239606462179e-01
5.014398335624471459e-01
4.414031616814659831e-01
4.552979886524870512e-01
4.654376417681023725e-01
4.522330701131217490e-01
4.896260710092709689e-01
4.497992954767126572e-01
4.524813829393631304e-01
4.474007258959968869e-01
4.938618558662237756e-01
4.327994191826562420e-01
4.811047371355864355e-01
4.282071119770288758e-01
5.103927740156150028e-01
5.130859899140083336e-01
5.802403435841165802e-01
4.509679069443049970e-01
5.520588769009355801e-01
4.573020378550943232e-01
4.397987455542521351e-01
5.209437616279081196e-01
4.493522265852730180e-01
4.426260124368342486e-01
5.052042589898324554e-01
4.822255325283914540e-01
5.090160256569380426e-01
4.158510238562614925e-01
4.739330140281344805e-01
4.937331248658390348e-01
4.466567999691585800e-01
3.988240415011671813e-01
4.755654432389471165e-01
4.885721062798624170e-01
3.942191696564460446e-01
4.538450233858144500e-01
3.844877962143279926e-01
3.586073827865781660e-01
4.220796053489879740e-01
3.735728337976997326e-01
3.589018896049971374e-01
4.288410238541883746e-01
3.524903532722600263e-01
3.139884586885821616e-01
3.610818081742763197e-01
2.913196432612177866e-01
3.130950191579370823e-01
3.661565739774373385e-01
3.372719031066092610e-01
3.150747180784071455e-01
3.423484526418248963e-01
3.032076322475679708e-01
3.356626334871593564e-01
2.991071795460573113e-01
3.078144425221965297e-01
3.147132268168770786e-01
3.426348155759010305e-01
2.894298476742302451e-01
2.885800068493688531e-01
3.504787145768152867e-01
3.015697657785074703e-01
3.311735234563333297e-01
3.101366102470801134e-01
3.600348522145855878e-01
3.310753794673511607e-01
3.086837987383654891e-01
3.032114482550904433e-01
3.664648951596795046e-01
3.411117557446573523e-01
3.073983633274737226e-01
3.802060470110933399e-01
3.231317981820644447e-01
4.004636114527134749e-01
3.674059719837961535e-01
3.465591021412905981e-01
3.655595597950822562e-01
3.577192536684271063e-01
3.461763973134716066e-01
3.483328809610832244e-01
3.887561884833410919e-01
3.379053718538700957e-01
3.720673173233275954e-01
3.272427829016815726e-01
3.726354360672206045e-01
3.735701155075104030e-01
3.565954742979606795e-01
3.865892907132097989e-01
3.657316422658017929e-01
4.130212971971700675e-01
4.006050700863386105e-01
3.687352457842084652e-01
3.760805557891408468e-01
3.884017827857690897e-01
4.203852812410813766e-01
3.862188800860181792e-01
3.871402170631070838e-01
4.402378415459404781e-01
3.783884082952676531e-01
4.070563967678428874e-01
4.377121342423724304e-01
4.223202569467936485e-01
4.721362857605241881e-01
4.466213233217460887e-01
3.484855500882902413e-01
3.849737711845698795e-01
3.699643078845300526e-01
3.493032272761359969e-01
4.032131031084562056e-01
3.434198084325275069e-01
3.627386745581497318e-01
3.680036008172670181e-01
3.787735372458929661e-01
3.698743054305829725e-01
4.016169526220730868e-01
3.800913238579510800e-01
3.634214118381101644e-01
3.655917492513338085e-01
2.890192004453747687e-01
2.910076042391631090e-01
3.271195735098357260e-01
3.064991954474707847e-01
3.197970233330789114e-01
2.735276384796093696e-01
2.534784148077715571e-01
2.496030843113604403e-01
2.316874600921036420e-01
2.296979253178090818e-01
2.551331040036178832e-01
1.927715596090501526e-01
1.983765422287217528e-01
2.253285845181668690e-01
1.982731802952901468e-01
2.098700717978015107e-01
2.007903508969319517e-01
2.047584232358884149e-01
1.882428717136685470e-01
1.987504114981752945e-01
1.981280976127910987e-01
2.291511767438026703e-01
2.401915828336160241e-01
2.022278293279851091e-01
1.802598693979821365e-01
2.284094888112439548e-01
1.954419824373871961e-01
2.126530625108963846e-01
1.953358492969968496e-01
2.118038333938029316e-01
2.257547082068992184e-01
2.017460993144938042e-01
1.947977725926399173e-01
2.217947958862404034e-01
2.301628825762110087e-01
1.897102676863781090e-01
2.266212298232772870e-01
1.982207397762568990e-01
2.023878669244779660e-01
2.225826051332834288e-01
2.072894702526530408e-01
2.243805378216947033e-01
2.433946522664384438e-01
2.393379670885192045e-01
2.469098582135847708e-01
2.439516176128336267e-01
2.150422921757104977e-01
2.097632719035258109e-01
2.229978326072590000e-01
2.095743442779215149e-01
2.392321375954551688e-01
2.321002914043786836e-01
2.263518464716045842e-01
2.170000361225036256e-01
2.291049554956228196e-01
2.422738481650575371e-01
2.535179003390038432e-01
2.401763764520445654e-01
2.342409821594952091e-01
2.604065485492289000e-01
2.307659953974954548e-01
2.329206654409604060e-01
2.669235973515929894e-01
2.345471493560878085e-01
2.110298590315484446e-01
2.606705847850033231e-01
2.659382603536656342e-01
2.920493482803490637e-01
2.737422146340118267e-01
2.926526048756749598e-01
2.833127161760425894e-01
2.950467401358765618e-01
2.816477517286778975e-01
2.498360727362737010e-01
3.143761976812745607e-01
2.865466677290665620e-01
3.256148206440165893e-01
2.861461397798267248e-01
3.310840523455389484e-01
2.955691994278011880e-01
2.806817632635364990e-01
3.201538481169270978e-01
3.631540660600432457e-01
2.916090555621426716e-01
3.119460807807948322e-01
3.232370026304072219e-01
3.203383984160207421e-01
3.319434488998227462e-01
3.295753574529555197e-01
3.100280982042207811e-01
3.700150674134727313e-01
3.526016304820591141e-01
2.655542161696011205e-01
3.193389115800862599e-01
3.367226843906199751e-01
3.214384891698195412e-01
3.379363232192776345e-01
2.973924027880588961e-01
2.979260666003960001e-01
3.728350395637958781e-01
3.393913532234906216e-01
3.492796813151984869e-01
3.459786163873816989e-01
3.765355349201353063e-01
4.005055302338912382e-01
3.492372916545829487e-01
3.555012023773373442e-01
3.540767745003017275e-01
3.658279775037269199e-01
3.747909901169982350e-01
3.301463110525605926e-01
4.125810648955058890e-01
3.758835616385824419e-01
3.564318959166502543e-01
3.927755853520919493e-01
3.961596421501101806e-01
4.354159185923937581e-01
4.110814265767850917e-01
3.680147953863998622e-01
3.522053514667985996e-01
3.616994737690318873e-01
3.562376906555880796e-01
4.515310780931311441e-01
3.715125245633895679e-01
3.696528668986417965e-01
3.824449860033730109e-01
4.186255291519456190e-01
4.031529043294277415e-01
4.232941771073758241e-01
3.956323101952378685e-01
3.543817019316670147e-01
3.967568058080965798e-01
3.628075074256309485e-01
3.474316756475362422e-01
4.075558514198712734e-01
3.755251274997296607e-01
3.281800890222044131e-01
3.739696325542805622e-01
4.694515681188488054e-01
4.827458321581085121e-01
3.815947957847498073e-01
3.531310418866893674e-01
3.320294118773942649e-01
4.479816069008910606e-01
4.852191447744083064e-01
4.017623097002578358e-01
3.538029003600873246e-01
3.036909114148921285e-01
3.611741371947506662e-01
3.171490378831831047e-01
3.245888693739888420e-01
3.497193429246786001e-01
3.257650732038987473e-01
3.201699661072703873e-01
