2.463180260265413479e-01
2.966516928183349777e-01
2.924455085589494074e-01
3.206286595626570701e-01
2.592624378697486742e-01
3.020131007656107758e-01
2.773375498284448293e-01
3.269735305933365033e-01
2.986432130350217262e-01
2.814841158086414108e-01
2.874904318295761207e-01
2.883590574365388903e-01
2.667205741966415244e-01
2.786784043728522398e-01
3.190757392976947271e-01
3.356024095856291467e-01
3.142065779728980823e-01
3.202781256428587908e-01
2.936060310878009227e-01
3.434479106616638577e-01
3.021362616830726155e-01
3.130220532517223320e-01
3.260528008977647829e-01
3.341295540027033883e-01
3.422063071076419383e-01
3.040861114914074625e-01
3.403016536142453030e-01
3.562399227288321479e-01
3.189404575623339122e-01
3.447212494317373754e-01
3.416491018133714919e-01
3.663773034498652437e-01
3.275907198324709557e-01
3.511695970193197680e-01
3.114657712027752434e-01
3.351052623995945390e-01
3.351416392906934605e-01
3.128802242982374193e-01
3.461421221389247571e-01
3.498639131939324520e-01
3.542357738509404053e-01
3.534421056439689957e-01
3.280939588679053220e-01
3.079139199645133940e-01
3.080591530448383852e-01
3.515153711809786974e-01
2.901801316341572345e-01
3.746923783416906684e-01
3.376581151797176106e-01
2.973500904725591143e-01
2.839362453639792672e-01
2.979863598011995296e-01
2.537240050277538295e-01
2.528130847355959943e-01
2.887349426298745914e-01
2.798395556388164618e-01
2.586193738375283657e-01
2.651205229530443908e-01
2.864928385673704558e-01
2.749535043639197429e-01
2.861571506339735116e-01
2.745996977004755979e-01
2.650854148928221132e-01
2.809212563734533874e-01
2.792371814943975794e-01
3.018873650229048633e-01
2.805116020287711787e-01
3.089054432083535584e-01
2.899187518514068640e-01
2.675144316688033985e-01
2.591138206885914008e-01
2.775278919028127400e-01
2.593208032653929185e-01
2.538005877991360570e-01
2.475163417670780408e-01
2.468497930554745257e-01
2.310585691946601961e-01
2.434374365081215241e-01
2.349564070304652197e-01
2.427135370380353596e-01
2.278010391700842630e-01
2.133440735390441934e-01
2.250396728924914658e-01
2.208237210910297676e-01
2.187257087458580052e-01
2.087172335455591277e-01
2.268055592386175878e-01
2.311905458063905350e-01
2.383419697973714890e-01
2.575395879203055682e-01
2.390793117428722803e-01
2.639184117450514844e-01
2.556774531978990850e-01
2.513168220126381081e-01
2.599917513603374752e-01
2.779327131173876531e-01
2.732490012492203024e-01
2.666071501850765246e-01
2.540247025601192754e-01
2.728267219263064147e-01
2.898572184471057689e-01
2.790022553309294273e-01
2.944926991591909071e-01
2.978570826818827677e-01
2.990830044037458557e-01
3.190786742408455168e-01
2.740455052388190982e-01
2.971475263231417308e-01
2.761451850383688789e-01
2.784337976880689736e-01
2.932687543713115574e-01
2.949397084205940822e-01
2.717607402163374486e-01
3.012695803695797370e-01
3.307784205228220809e-01
2.849258387257961322e-01
3.080669799050373414e-01
3.312081210842785506e-01
2.698722848872114333e-01
3.500975781816071941e-01
2.883017527631334675e-01
2.650088504877373130e-01
2.887916173672736564e-01
2.841281507925335070e-01
2.522270632985404437e-01
3.007349066390210268e-01
2.894159181398044955e-01
2.900708300006991092e-01
2.881573999667541575e-01
2.827687672265724039e-01
2.773734778881619678e-01
2.650395600257987039e-01
2.899460118041961021e-01
2.867283809898956148e-01
3.157337965622739606e-01
2.754007473533261474e-01
2.945790431193714420e-01
2.859459811825885711e-01
2.762657010626510812e-01
3.238927409010168290e-01
2.874294157500911218e-01
2.992345829569161841e-01
3.296950067675097906e-01
3.258148017814227471e-01
2.880887181095427296e-01
3.020571723276007647e-01
2.979857438513799917e-01
3.228594678733134882e-01
2.954155545728642251e-01
2.746545759905595907e-01
3.034905396822230594e-01
3.145926362599615889e-01
3.488236372883140590e-01
2.891631569103104149e-01
3.014618688660399837e-01
3.047767371939177350e-01
3.205636620534632053e-01
3.444980970338193949e-01
2.688478522203555654e-01
3.406482487505292367e-01
3.155608246213270629e-01
2.908723088345999130e-01
2.867029176864246964e-01
3.025727666872329857e-01
3.082745617645766822e-01
3.150275895926269998e-01
2.889742878704064655e-01
3.393850832883221758e-01
3.052171523825822907e-01
3.189529058446912146e-01
2.938982796048369428e-01
2.803467305696706324e-01
3.152192425978121992e-01
3.068807538500382681e-01
3.009320039085788823e-01
2.703072774725560068e-01
2.775732111678365643e-01
3.086605774012051717e-01
2.647663061898236081e-01
2.974599025668021590e-01
2.623270191669219153e-01
2.459766313626355894e-01
2.426392377586806537e-01
2.831974127141643205e-01
2.603350727787072105e-01
2.580856420966365916e-01
2.826374470058227728e-01
2.628301936158707330e-01
2.796671181585479449e-01
2.657113032383302542e-01
2.553278726987519009e-01
2.544339380422624419e-01
2.222406920004275366e-01
2.228697243431351227e-01
2.519850984454002352e-01
2.441666018364358759e-01
2.306103722367589814e-01
2.557708591998796299e-01
2.400974368283082805e-01
2.637263306786334915e-01
2.736053755689255018e-01
2.454082278881198342e-01
2.635622741925802703e-01
2.471620375600875608e-01
2.781693322115382228e-01
2.570178643558645448e-01
2.577541118043369939e-01
2.332405929419632262e-01
2.285353517105822296e-01
2.671858857832823397e-01
2.670317319090004249e-01
2.749478396097012611e-01
2.631573025581005476e-01
2.773823164430607724e-01
2.782432496135060496e-01
2.921020671072291353e-01
3.059608846009522209e-01
3.067037483405398723e-01
3.270905511389792797e-01
3.549509580516572727e-01
3.961560134375410880e-01
3.540580883566619153e-01
3.385719171503303038e-01
3.446861771943866559e-01
3.299635644744416396e-01
3.608425216647218048e-01
3.629711514347563894e-01
3.633164915158724195e-01
3.616694416088864217e-01
3.138331541771521294e-01
3.176015470501202254e-01
3.543120904961863937e-01
3.543120904961863937e-01
3.543120904961863937e-01
3.543120904961863937e-01
3.594855454758729696e-01
3.646590004555595455e-01
3.555029834415261991e-01
3.370667494681017229e-01
3.546028677528028639e-01
3.638633850233966016e-01
3.257870784739680947e-01
3.235151791376367769e-01
3.661859995160330894e-01
4.060156009993512449e-01
3.403227471217836198e-01
3.479112160573091250e-01
3.859069173906163885e-01
3.094375228101944320e-01
3.612304017088565633e-01
3.189976059932433383e-01
3.706310608936150830e-01
3.355200835460875330e-01
3.326418594749837032e-01
3.667293777414827316e-01
3.651566831213968745e-01
3.705835583283348389e-01
3.554001441067574651e-01
3.974067182811577559e-01
3.555878624786039111e-01
3.703241167129032729e-01
3.732595642465386665e-01
3.838241900427941666e-01
3.846263081382445548e-01
3.870008674098730506e-01
3.765175007422875142e-01
3.917424196688977234e-01
3.664455057113182312e-01
3.438574392081455433e-01
3.804109390388729639e-01
3.660656310884905507e-01
3.572479471763224113e-01
3.667664973761018410e-01
4.051343713255553536e-01
4.330882561075938830e-01
4.066909663371019445e-01
3.730217404537695125e-01
3.705829631083936704e-01
3.907236883974190000e-01
3.859819350045098352e-01
3.524425323667277343e-01
3.623668117179579262e-01
3.699348606987190036e-01
3.229914158339576846e-01
3.923649034102589250e-01
3.960021397550819722e-01
4.045230877459006780e-01
3.801450826878781664e-01
3.770464114787931975e-01
4.118693359215488958e-01
3.940923828306621135e-01
3.879883832098539598e-01
4.411212884489988384e-01
3.662801213191623217e-01
4.067574260816423926e-01
3.902200369607552455e-01
3.697806700774229349e-01
3.721049705261403884e-01
3.541512154758548747e-01
3.577996542876669128e-01
3.623440097781406299e-01
3.716015248314296082e-01
3.840626833294357168e-01
3.839510807906370560e-01
3.651384148078295477e-01
3.509312822955785727e-01
3.621411995852941157e-01
3.300871383880401577e-01
3.348657081507888655e-01
3.253498064737775364e-01
3.075249142780238643e-01
3.203908275048368282e-01
3.000780714236707114e-01
2.924433354320137846e-01
2.890887403679295864e-01
3.172656406578128752e-01
3.014497419333678763e-01
3.494722535099907823e-01
3.096498075755209078e-01
3.059830318594630172e-01
3.218193219923882742e-01
3.266326231548166703e-01
2.820052675457536684e-01
3.357785425369430587e-01
2.991145787217456831e-01
3.313450634297961384e-01
2.930376249694415791e-01
3.210244861733223543e-01
2.961808006448646280e-01
3.108773248474372974e-01
3.296076288761881079e-01
3.159377318191417539e-01
3.366958554916701374e-01
3.119418883088461714e-01
3.160775979847346706e-01
2.841306349010782051e-01
3.370715761606008498e-01
3.219069277416322650e-01
3.107255080099067257e-01
3.118847733117385834e-01
3.261260473010443861e-01
3.461013255216104367e-01
3.588446947944171628e-01
3.376662724844305408e-01
3.427177351094672919e-01
3.277408249160593812e-01
3.464300603778531773e-01
3.213249883022356590e-01
3.033833448556499390e-01
3.515012655748844250e-01
3.210916948172031771e-01
3.421429405246507183e-01
3.938113593322632444e-01
3.737516820918235783e-01
3.523204974287980629e-01
3.510868160892653966e-01
3.631469991458229352e-01
3.492357706919578253e-01
4.109677006255703091e-01
3.975333778309975696e-01
3.561968303233083444e-01
3.674248552761970599e-01
3.712165575720378641e-01
3.852739050053350933e-01
4.168305093286653329e-01
3.854138565994395527e-01
3.821293349587562282e-01
3.420570292684658176e-01
3.951489065510687682e-01
3.356562834921309468e-01
3.767079494582813437e-01
3.674662974454974140e-01
3.992727784071842811e-01
3.518724354783636099e-01
3.220602838149095315e-01
3.579308164848447049e-01
3.695431445763484590e-01
3.488500306750978441e-01
3.470346652422828249e-01
3.347380713856112355e-01
3.352641917361333102e-01
3.535050454795626296e-01
3.192160030905929480e-01
3.226026566672708373e-01
3.657987339942547211e-01
3.327740536246245329e-01
3.664359059279794772e-01
3.353072136195116015e-01
3.153869618253247742e-01
2.960241863503676463e-01
3.162745182308911995e-01
3.217982819938023931e-01
3.044842699921661011e-01
2.966309298802985439e-01
3.024167858445304113e-01
2.710106540366638561e-01
2.596616074657661088e-01
2.647922244500249267e-01
2.447366842618953209e-01
2.619791614970951588e-01
2.396605079917181191e-01
2.566098560427812481e-01
2.638842439918010485e-01
2.349969362093422276e-01
2.467696034013003581e-01
2.367275583995082644e-01
2.466324741779444552e-01
2.389779136052188890e-01
2.541424777000550472e-01
2.583630878563332733e-01
2.472601584976293898e-01
2.677209048761164945e-01
2.864317206019811324e-01
2.792856629195300533e-01
2.638315599933541700e-01
2.785262578957586888e-01
2.585635331244668378e-01
2.621391283286878537e-01
2.730039647693688898e-01
2.770257116618455862e-01
2.850941477926456913e-01
2.739405301552992333e-01
2.782456011562080556e-01
2.778213113923093114e-01
2.921548465585241949e-01
3.000650202402062594e-01
2.683580554985841027e-01
3.002358588858172750e-01
2.518215228463129285e-01
2.849137937442263180e-01
2.777318025826388537e-01
2.828320099805549104e-01
2.923985720592351401e-01
3.010046225445527912e-01
2.840742650607580022e-01
2.952545059340827560e-01
3.081825664253226571e-01
3.018569491609593425e-01
3.224756011037991921e-01
3.082844925251529977e-01
3.085320506350625047e-01
3.194005066252834091e-01
3.155286026665432009e-01
2.750071793178063828e-01
3.233459634081619072e-01
3.244850896111518002e-01
2.867269979354930554e-01
2.896207495266801546e-01
2.924713958414318360e-01
3.102167275833395133e-01
3.296092131255651259e-01
2.882731158519011294e-01
3.221105740869031342e-01
3.102413953923869872e-01
3.207840749227560129e-01
3.486920231707360540e-01
3.008959934462792085e-01
3.227672510701420916e-01
3.366833411548678101e-01
3.407783492680632187e-01
3.603796516315119769e-01
3.573102499623053707e-01
3.397160874425618760e-01
3.167862746258537365e-01
3.395999263012163816e-01
3.597147735436899141e-01
3.668441199261376351e-01
3.461035036553266608e-01
3.737098776503144926e-01
3.811643957128824645e-01
3.542309960111033607e-01
3.362816235760795469e-01
3.825356963379257236e-01
4.015085162732723867e-01
3.509613592528637027e-01
3.535209923327047865e-01
3.488235912150352558e-01
3.243085406386628788e-01
3.463728900792495957e-01
3.611510110079411140e-01
3.759411489132554740e-01
3.361615746101618840e-01
3.541201700217994630e-01
3.799545700483490385e-01
3.653199452388243285e-01
3.412431077029289828e-01
3.295616201775322107e-01
3.111729078957712336e-01
3.495225669683159064e-01
3.835577199407748661e-01
3.843083506703933172e-01
2.860824896995653455e-01
3.263804459784025447e-01
3.790413648007707192e-01
3.550252010516588008e-01
3.290492597856400914e-01
4.055077036676052460e-01
3.516887078032208680e-01
3.618481280122792243e-01
3.469007884791537322e-01
3.769226295632367441e-01
3.315888544544801642e-01
3.907877441448214806e-01
3.738113171894361098e-01
3.678836279068450343e-01
4.200458191022692911e-01
3.829770444040699329e-01
3.755740621366639997e-01
3.643614272405122367e-01
3.673261922572552129e-01
3.805891478528563576e-01
3.923750254066887821e-01
3.653114788584514439e-01
3.996842645253527726e-01
3.731659148358131839e-01
3.240457352760549581e-01
4.261032616522387184e-01
3.628436851273263430e-01
3.637988970470872330e-01
4.334721060670914117e-01
3.822809460039651719e-01
3.385278136426960183e-01
3.625688763701980233e-01
3.661664636972678522e-01
3.766227372029659626e-01
3.643897242850846485e-01
3.984166461374236690e-01
3.723118474894022145e-01
3.812712654585747041e-01
3.895647430955730961e-01
5.557223993010462770e-01
2.168262913575936812e-01
2.249723828225675126e-01
2.451750505444801054e-01
2.357162788238792162e-01
2.832275510305042876e-01
3.044813295642140871e-01
2.681178963445997598e-01
3.203766603559228821e-01
2.928980706817953528e-01
2.952225371428159328e-01
3.399545169163392111e-01
